0	105	1	49.00	49.00	32	0	0	0	01	275	275	275	169	169	0	99	5.00	5.00	1,995.00
0	105	1	49.00	49.00	32	0	0	0	01	275	275	275	169	169	0	99	5.00	5.00	1,995.00
0	105	1	48.00	48.00	45	0	0	0	01	149	149	149	169	169	0	99	6.00	6.00	1,990.00
0	105	1	48.00	48.00	45	0	0	0	01	149	149	149	169	169	0	99	6.00	6.00	1,990.00
0	105	2	49.00	0.00	32	0	0	0	01	275	275	275	169	169	0	2	0.00	0.00	0.00
0	105	2	49.00	0.00	32	0	0	0	01	275	275	275	169	169	0	2	0.00	0.00	0.00
0	105	2	49.00	97.00	32	0	0	0	01	275	275	275	169	169	0	2	11.00	11.00	3,985.00
0	105	2	49.00	97.00	32	0	0	0	01	275	275	275	169	169	0	2	11.00	11.00	3,985.00
0	0	1	49.00	49.00	32	0	0	0	01	275	275	275	169	169	0	99	5.00	5.00	1,995.00
0	0	1	49.00	49.00	32	0	0	0	01	275	275	275	169	169	0	99	5.00	5.00	1,995.00
0	980	1	49.00	49.00	32	0	0	0	01	275	275	275	169	169	0	99	5.00	5.00	1,995.00
0	980	1	49.00	49.00	32	0	0	0	01	275	275	275	169	169	0	99	5.00	5.00	1,995.00
0	0	1	48.00	48.00	45	0	0	0	01	149	149	149	169	169	0	99	6.00	6.00	1,990.00
0	0	1	48.00	48.00	45	0	0	0	01	149	149	149	169	169	0	99	6.00	6.00	1,990.00
0	980	1	48.00	48.00	45	0	0	0	01	149	149	149	169	169	0	99	6.00	6.00	1,990.00
0	980	1	48.00	48.00	45	0	0	0	01	149	149	149	169	169	0	99	6.00	6.00	1,990.00
0	329	2	49.00	97.00	32	0	0	0	01	275	275	275	169	169	0	2	11.00	11.00	15.00
0	329	2	49.00	97.00	32	0	0	0	01	275	275	275	169	169	0	2	11.00	11.00	15.00
0	980	2	49.00	97.00	32	0	0	0	01	275	275	275	169	169	0	2	11.00	11.00	0.00
0	980	2	49.00	97.00	32	0	0	0	01	275	275	275	169	169	0	2	11.00	11.00	0.00
0	401	2	49.00	70.55	32	0	0	0	01	275	275	275	169	169	0	2	8.00	8.00	180,787.64
0	401	2	49.00	70.55	32	0	0	0	01	275	275	275	169	169	0	2	8.00	8.00	180,787.64
0	105	1	250.00	250.00	1300	0	0	0	01	169	169	169	850	850	0	99	150.00	150.00	15,000.00
0	105	1	250.00	250.00	1300	0	0	0	01	169	169	169	850	850	0	99	150.00	150.00	15,000.00
0	105	1	782.00	782.00	25	0	0	0	01	720	720	720	169	169	0	99	17.00	17.00	450.00
0	105	1	782.00	782.00	25	0	0	0	01	720	720	720	169	169	0	99	17.00	17.00	450.00
0	0	1	250.00	81.67	1300	0	0	0	01	169	169	169	850	850	0	99	49.00	49.00	4,900.00
0	0	1	250.00	81.67	1300	0	0	0	01	169	169	169	850	850	0	99	49.00	49.00	4,900.00
0	980	1	250.00	81.67	1300	0	0	0	01	169	169	169	850	850	0	99	49.00	49.00	4,900.00
0	980	1	250.00	81.67	1300	0	0	0	01	169	169	169	850	850	0	99	49.00	49.00	4,900.00
0	105	1	450.00	450.00	120	0	0	0	01	607	607	607	169	169	0	99	21.00	21.00	45,000.00
0	105	1	450.00	450.00	120	0	0	0	01	607	607	607	169	169	0	99	21.00	21.00	45,000.00
0	0	1	450.00	64.29	120	0	0	0	01	607	607	607	169	169	0	99	3.00	3.00	6,428.57
0	0	1	450.00	64.29	120	0	0	0	01	607	607	607	169	169	0	99	3.00	3.00	6,428.57
0	980	1	450.00	64.29	120	0	0	0	01	607	607	607	169	169	0	99	3.00	3.00	6,428.57
0	980	1	450.00	64.29	120	0	0	0	01	607	607	607	169	169	0	99	3.00	3.00	6,428.57
0	0	1	450.00	53.57	120	0	0	0	01	607	607	607	169	169	0	99	2.50	2.50	5,357.14
0	0	1	450.00	53.57	120	0	0	0	01	607	607	607	169	169	0	99	2.50	2.50	5,357.14
0	980	1	450.00	53.57	120	0	0	0	01	607	607	607	169	169	0	99	2.50	2.50	5,357.14
0	980	1	450.00	53.57	120	0	0	0	01	607	607	607	169	169	0	99	2.50	2.50	5,357.14
0	980	1	450.00	92.14	120	0	0	0	01	607	607	607	169	169	0	99	4.30	4.30	9,214.29
0	980	1	450.00	92.14	120	0	0	0	01	607	607	607	169	169	0	99	4.30	4.30	9,214.29
0	408	1	450.00	92.14	120	0	0	0	01	607	607	607	169	169	0	99	4.30	4.30	9,214.29
0	408	1	450.00	92.14	120	0	0	0	01	607	607	607	169	169	0	99	4.30	4.30	9,214.29
0	0	1	782.00	161.00	25	0	0	0	01	720	720	720	169	169	0	99	3.50	3.50	92.65
0	0	1	782.00	161.00	25	0	0	0	01	720	720	720	169	169	0	99	3.50	3.50	92.65
0	980	1	782.00	161.00	25	0	0	0	01	720	720	720	169	169	0	99	3.50	3.50	92.65
0	980	1	782.00	161.00	25	0	0	0	01	720	720	720	169	169	0	99	3.50	3.50	92.65
0	105	1	450.70	450.70	23	0	0	0	01	215	215	215	169	169	0	99	23.00	23.00	4,560.00
0	105	1	450.70	450.70	23	0	0	0	01	215	215	215	169	169	0	99	23.00	23.00	4,560.00
0	105	2	450.00	0.00	120	0	0	0	01	607	607	607	169	169	0	2	0.00	0.00	0.00
0	105	2	450.00	0.00	120	0	0	0	01	607	607	607	169	169	0	2	0.00	0.00	0.00
0	105	SAMSUNG	345.00	345.00	230	0	0	PK	01	399	399	399	169	169	0	SRIE71401	21.00	21.00	345,000.00
0	105	SAMSUNG	345.00	345.00	230	0	0	PK	01	399	399	399	169	169	0	SRIE71401	21.00	21.00	345,000.00
0	105	1	299.00	125.00	1	0	0	0	01	249	249	249	169	169	0	99	5.00	5.00	180.56
0	105	1	299.00	125.00	1	0	0	0	01	249	249	249	169	169	0	99	5.00	5.00	180.56
0	105	1	299.00	125.00	1	0	0	0	01	249	249	249	169	169	0	99	5.00	5.00	180.56
0	105	1	299.00	125.00	1	0	0	0	01	249	249	249	169	169	0	99	5.00	5.00	180.56
0	105	1	780.00	780.00	45	0	0	0	01	239	239	239	169	169	0	99	5.00	5.00	670.00
0	105	1	780.00	780.00	45	0	0	0	01	239	239	239	169	169	0	99	5.00	5.00	670.00
0	105	1	12.00	12.00	12	0	0	0	01	399	399	399	169	169	0	99	11.00	11.00	34,500.00
0	105	1	12.00	12.00	12	0	0	0	01	399	399	399	169	169	0	99	11.00	11.00	34,500.00
0	105	2	89.00	0.00	34324	0	0	0	01	244	244	244	244	244	0	2	0.00	0.00	0.00
0	105	2	89.00	0.00	34324	0	0	0	01	244	244	244	244	244	0	2	0.00	0.00	0.00
0	105	2	89.00	434.00	34324	0	0	0	01	244	244	244	244	244	0	2	121.00	121.00	348,434.00
0	105	2	89.00	434.00	34324	0	0	0	01	244	244	244	244	244	0	2	121.00	121.00	348,434.00
0	329	2	89.00	107.60	34324	0	0	0	01	244	244	244	244	244	0	2	30.00	30.00	25.00
0	329	2	89.00	107.60	34324	0	0	0	01	244	244	244	244	244	0	2	30.00	30.00	25.00
0	980	2	89.00	107.60	34324	0	0	0	01	244	244	244	244	244	0	2	30.00	30.00	0.00
0	980	2	89.00	107.60	34324	0	0	0	01	244	244	244	244	244	0	2	30.00	30.00	0.00
0	105	1	450.00	450.00	23	0	0	0	01	023	023	023	169	169	0	99	5.00	5.00	560.00
0	105	1	450.00	450.00	23	0	0	0	01	023	023	023	169	169	0	99	5.00	5.00	560.00
0	105	1	650.00	650.00	45	0	0	0	01	023	023	023	169	169	0	99	7.00	7.00	45,000.00
0	105	1	650.00	650.00	45	0	0	0	01	023	023	023	169	169	0	99	7.00	7.00	45,000.00
0	105	1	940.00	940.00	45	0	0	0	04	215	215	215	169	169	0	99	5.00	5.00	6,700.00
0	105	1	940.00	940.00	45	0	0	0	04	215	215	215	169	169	0	99	5.00	5.00	6,700.00
0	329	1	940.00	282.00	45	0	0	0	04	215	215	215	169	169	0	99	1.50	1.50	15.00
0	329	1	940.00	282.00	45	0	0	0	04	215	215	215	169	169	0	99	1.50	1.50	15.00
0	980	1	940.00	282.00	45	0	0	0	04	215	215	215	169	169	0	99	1.50	1.50	0.00
0	980	1	940.00	282.00	45	0	0	0	04	215	215	215	169	169	0	99	1.50	1.50	0.00
0	401	1	940.00	94.00	45	0	0	0	04	215	215	215	169	169	0	99	0.50	0.50	974,025.00
0	401	1	940.00	94.00	45	0	0	0	04	215	215	215	169	169	0	99	0.50	0.50	974,025.00
0	105	1	19,480.00	19,480.00	25	0	0	0	04	215	215	215	169	169	0	99	9.00	9.00	8,650.00
0	105	1	19,480.00	19,480.00	25	0	0	0	04	215	215	215	169	169	0	99	9.00	9.00	8,650.00
0	329	1	19,480.00	3,246.67	25	0	0	0	04	215	215	215	169	169	0	99	1.50	1.50	75.00
0	329	1	19,480.00	3,246.67	25	0	0	0	04	215	215	215	169	169	0	99	1.50	1.50	75.00
0	980	1	19,480.00	3,246.67	25	0	0	0	04	215	215	215	169	169	0	99	1.50	1.50	0.00
0	980	1	19,480.00	3,246.67	25	0	0	0	04	215	215	215	169	169	0	99	1.50	1.50	0.00
0	401	1	19,480.00	1,298.67	25	0	0	0	04	215	215	215	169	169	0	99	0.60	0.60	4,406,922.00
0	401	1	19,480.00	1,298.67	25	0	0	0	04	215	215	215	169	169	0	99	0.60	0.60	4,406,922.00
0	105	1	970.00	970.00	45	0	0	0	04	399	399	399	169	169	0	99	11.00	11.00	6,700.00
0	105	1	970.00	970.00	45	0	0	0	04	399	399	399	169	169	0	99	11.00	11.00	6,700.00
0	329	1	970.00	202.82	45	0	0	0	04	399	399	399	169	169	0	99	2.30	2.30	34.00
0	329	1	970.00	202.82	45	0	0	0	04	399	399	399	169	169	0	99	2.30	2.30	34.00
0	980	1	970.00	202.82	45	0	0	0	04	399	399	399	169	169	0	99	2.30	2.30	0.00
0	980	1	970.00	202.82	45	0	0	0	04	399	399	399	169	169	0	99	2.30	2.30	0.00
0	401	1	970.00	61.73	45	0	0	0	04	399	399	399	169	169	0	99	0.70	0.70	1,086,675.13
0	401	1	970.00	61.73	45	0	0	0	04	399	399	399	169	169	0	99	0.70	0.70	1,086,675.13
0	401	2	89.00	17.93	34324	0	0	0	01	244	244	244	244	244	0	2	5.00	5.00	234,487.50
0	401	2	89.00	17.93	34324	0	0	0	01	244	244	244	244	244	0	2	5.00	5.00	234,487.50
0	0	1	940.00	206.80	45	0	0	0	04	215	215	215	169	169	0	99	1.10	1.10	1,728.57
0	0	1	940.00	206.80	45	0	0	0	04	215	215	215	169	169	0	99	1.10	1.10	1,728.57
0	0	1	650.00	362.14	45	0	0	0	01	023	023	023	169	169	0	99	3.90	3.90	25,071.43
0	0	1	650.00	362.14	45	0	0	0	01	023	023	023	169	169	0	99	3.90	3.90	25,071.43
0	0	2	89.00	8.97	34324	0	0	0	01	244	244	244	244	244	0	2	2.50	2.50	9,556.98
0	0	2	89.00	8.97	34324	0	0	0	01	244	244	244	244	244	0	2	2.50	2.50	9,556.98
0	105	1	760.00	760.00	35	0	0	0	01	023	023	023	169	169	0	99	23.00	23.00	5,600.00
0	105	1	760.00	760.00	35	0	0	0	01	023	023	023	169	169	0	99	23.00	23.00	5,600.00
0	105	1	460.00	460.00	23	0	0	0	01	249	249	249	169	169	0	99	12.00	12.00	1,800.00
0	105	1	460.00	460.00	23	0	0	0	01	249	249	249	169	169	0	99	12.00	12.00	1,800.00
0	401	1	760.00	76.00	35	0	0	0	01	023	023	023	169	169	0	99	2.30	2.30	560.00
0	401	1	760.00	76.00	35	0	0	0	01	023	023	023	169	169	0	99	2.30	2.30	560.00
0	329	1	460.00	46.00	23	0	0	0	01	249	249	249	169	169	0	99	1.20	1.20	25.00
0	329	1	460.00	46.00	23	0	0	0	01	249	249	249	169	169	0	99	1.20	1.20	25.00
0	980	1	460.00	46.00	23	0	0	0	01	249	249	249	169	169	0	99	1.20	1.20	0.00
0	980	1	460.00	46.00	23	0	0	0	01	249	249	249	169	169	0	99	1.20	1.20	0.00
0	329	1	460.00	69.00	23	0	0	0	01	249	249	249	169	169	0	99	1.80	1.80	25.00
0	329	1	460.00	69.00	23	0	0	0	01	249	249	249	169	169	0	99	1.80	1.80	25.00
0	980	1	460.00	69.00	23	0	0	0	01	249	249	249	169	169	0	99	1.80	1.80	0.00
0	980	1	460.00	69.00	23	0	0	0	01	249	249	249	169	169	0	99	1.80	1.80	0.00
0	401	1	460.00	42.17	23	0	0	0	01	249	249	249	169	169	0	99	1.10	1.10	686,887.67
0	401	1	460.00	42.17	23	0	0	0	01	249	249	249	169	169	0	99	1.10	1.10	686,887.67
0	105	1	890.00	890.00	23	0	0	0	01	169	169	169	169	169	0	99	340.00	340.00	5,670,000.00
0	105	1	890.00	890.00	23	0	0	0	01	169	169	169	169	169	0	99	340.00	340.00	5,670,000.00
0	105	kit502105	1,330.00	106.23	25	0	0	0	01	063	063	063	169	169	0	kit502105	3.00	3.00	470.51
0	105	kit502105	1,330.00	106.23	25	0	0	0	01	063	063	063	169	169	0	kit502105	3.00	3.00	470.51
0	0	SAMSUNG	345.00	345.00	230	0	0	PK	01	399	399	399	169	169	0	SRIE71401	21.00	21.00	345,000.00
0	0	SAMSUNG	345.00	345.00	230	0	0	PK	01	399	399	399	169	169	0	SRIE71401	21.00	21.00	345,000.00
0	980	SAMSUNG	345.00	345.00	230	0	0	PK	01	399	399	399	169	169	0	SRIE71401	21.00	21.00	345,000.00
0	980	SAMSUNG	345.00	345.00	230	0	0	PK	01	399	399	399	169	169	0	SRIE71401	21.00	21.00	345,000.00
0	105	GN201015	1,330.00	230.00	25	0	0	VO	01	063	063	063	169	169	0	220015	65.00	65.00	350.00
0	105	GN201015	1,330.00	230.00	25	0	0	VO	01	063	063	063	169	169	0	220015	65.00	65.00	350.00
0	105	AVG015	1,330.00	10.00	25	0	0	VO	01	063	063	063	169	169	0	3201215	10.00	10.00	1,100.00
0	105	AVG015	1,330.00	10.00	25	0	0	VO	01	063	063	063	169	169	0	3201215	10.00	10.00	1,100.00
0	980	GN201015	1,330.00	21.23	25	0	0	VO	01	063	063	063	169	169	0	220015	6.00	6.00	32.31
0	980	GN201015	1,330.00	21.23	25	0	0	VO	01	063	063	063	169	169	0	220015	6.00	6.00	32.31
0	430	GN201015	1,330.00	21.23	25	0	0	VO	01	063	063	063	169	169	0	220015	6.00	6.00	32.31
0	430	GN201015	1,330.00	21.23	25	0	0	VO	01	063	063	063	169	169	0	220015	6.00	6.00	32.31
0	980	AVG015	1,330.00	3.00	25	0	0	VO	01	063	063	063	169	169	0	3201215	3.00	3.00	330.00
0	980	AVG015	1,330.00	3.00	25	0	0	VO	01	063	063	063	169	169	0	3201215	3.00	3.00	330.00
0	105	SAMSUNG	9,800.00	9,800.00	45	0	0	BK	01	023	023	023	169	169	0	SRIE71401	6.00	6.00	6,500.00
0	105	SAMSUNG	9,800.00	9,800.00	45	0	0	BK	01	023	023	023	169	169	0	SRIE71401	6.00	6.00	6,500.00
0	105	SAMSUNG	450.00	450.00	35	0	0	VG	01	023	023	023	169	169	0	SRIE71401	18.00	18.00	650.00
0	105	SAMSUNG	450.00	450.00	35	0	0	VG	01	023	023	023	169	169	0	SRIE71401	18.00	18.00	650.00
0	0	SAMSUNG	450.00	125.00	35	0	0	VG	01	023	023	023	169	169	0	SRIE71401	5.00	5.00	180.56
0	0	SAMSUNG	450.00	125.00	35	0	0	VG	01	023	023	023	169	169	0	SRIE71401	5.00	5.00	180.56
0	980	SAMSUNG	450.00	125.00	35	0	0	VG	01	023	023	023	169	169	0	SRIE71401	5.00	5.00	180.56
0	980	SAMSUNG	450.00	125.00	35	0	0	VG	01	023	023	023	169	169	0	SRIE71401	5.00	5.00	180.56
0	105	DL2015	1,330.00	350.00	25	0	0	VG	01	063	063	063	169	169	0	120015	150.00	150.00	1,600.00
0	105	DL2015	1,330.00	350.00	25	0	0	VG	01	063	063	063	169	169	0	120015	150.00	150.00	1,600.00
0	105	SMS2015	1,330.00	625.00	25	0	0	VG	01	063	063	063	169	169	0	4102050	25.00	25.00	635.00
0	105	SMS2015	1,330.00	625.00	25	0	0	VG	01	063	063	063	169	169	0	4102050	25.00	25.00	635.00
0	980	DL2015	1,330.00	7.00	25	0	0	VG	01	063	063	063	169	169	0	120015	3.00	3.00	32.00
0	980	DL2015	1,330.00	7.00	25	0	0	VG	01	063	063	063	169	169	0	120015	3.00	3.00	32.00
0	430	DL2015	1,330.00	7.00	25	0	0	VG	01	063	063	063	169	169	0	120015	3.00	3.00	32.00
0	430	DL2015	1,330.00	7.00	25	0	0	VG	01	063	063	063	169	169	0	120015	3.00	3.00	32.00
0	105	SAMSUNG	7,480.00	7,480.00	45	0	0	CV	04	215	215	215	169	169	0	SRIE71401	7.00	7.00	5,670.00
0	105	SAMSUNG	7,480.00	7,480.00	45	0	0	CV	04	215	215	215	169	169	0	SRIE71401	7.00	7.00	5,670.00
0	401	kit502105	1,330.00	70.82	25	0	0	0	01	063	063	063	169	169	0	kit502105	2.00	2.00	313.67
0	401	kit502105	1,330.00	70.82	25	0	0	0	01	063	063	063	169	169	0	kit502105	2.00	2.00	313.67
0	105	1	940.00	940.00	35	0	0	0	01	023	023	023	169	169	0	99	10.00	10.00	650.00
0	105	1	940.00	940.00	35	0	0	0	01	023	023	023	169	169	0	99	10.00	10.00	650.00
0	329	1	940.00	188.00	35	0	0	0	01	023	023	023	169	169	0	99	2.00	2.00	15.00
0	329	1	940.00	188.00	35	0	0	0	01	023	023	023	169	169	0	99	2.00	2.00	15.00
0	980	1	940.00	188.00	35	0	0	0	01	023	023	023	169	169	0	99	2.00	2.00	0.00
0	980	1	940.00	188.00	35	0	0	0	01	023	023	023	169	169	0	99	2.00	2.00	0.00
0	105	1	760.00	760.00	45	0	0	0	01	023	023	023	169	169	0	99	17.00	17.00	650.00
0	105	1	760.00	760.00	45	0	0	0	01	023	023	023	169	169	0	99	17.00	17.00	650.00
0	105	1	670.00	670.00	35	0	0	0	01	245	245	245	169	169	0	99	15.00	15.00	690.00
0	105	1	670.00	670.00	35	0	0	0	01	245	245	245	169	169	0	99	15.00	15.00	690.00
0	105	1	1,040.00	1,040.00	3400	0	0	0	01	249	249	249	169	169	0	99	11.00	11.00	5,670.00
0	105	1	1,040.00	1,040.00	3400	0	0	0	01	249	249	249	169	169	0	99	11.00	11.00	5,670.00
0	0	1	460.00	76.67	23	0	0	0	01	249	249	249	169	169	0	99	2.00	2.00	236.67
0	0	1	460.00	76.67	23	0	0	0	01	249	249	249	169	169	0	99	2.00	2.00	236.67
0	980	1	460.00	76.67	23	0	0	0	01	249	249	249	169	169	0	99	2.00	2.00	236.67
0	980	1	460.00	76.67	23	0	0	0	01	249	249	249	169	169	0	99	2.00	2.00	236.67
0	0	1	760.00	33.04	35	0	0	0	01	023	023	023	169	169	0	99	1.00	1.00	243.48
0	0	1	760.00	33.04	35	0	0	0	01	023	023	023	169	169	0	99	1.00	1.00	243.48
0	980	1	760.00	33.04	35	0	0	0	01	023	023	023	169	169	0	99	1.00	1.00	243.48
0	980	1	760.00	33.04	35	0	0	0	01	023	023	023	169	169	0	99	1.00	1.00	243.48
0	0	1	760.00	33.04	35	0	0	0	01	023	023	023	169	169	0	99	1.00	1.00	243.48
0	0	1	760.00	33.04	35	0	0	0	01	023	023	023	169	169	0	99	1.00	1.00	243.48
0	980	1	760.00	33.04	35	0	0	0	01	023	023	023	169	169	0	99	1.00	1.00	243.48
0	980	1	760.00	33.04	35	0	0	0	01	023	023	023	169	169	0	99	1.00	1.00	243.48
0	0	1	760.00	33.04	35	0	0	0	01	023	023	023	169	169	0	99	1.00	1.00	243.48
0	0	1	760.00	33.04	35	0	0	0	01	023	023	023	169	169	0	99	1.00	1.00	243.48
0	980	1	760.00	33.04	35	0	0	0	01	023	023	023	169	169	0	99	1.00	1.00	243.48
0	980	1	760.00	33.04	35	0	0	0	01	023	023	023	169	169	0	99	1.00	1.00	243.48
0	0	1	890.00	18.32	23	0	0	0	01	169	169	169	169	169	0	99	7.00	7.00	116,735.29
0	0	1	890.00	18.32	23	0	0	0	01	169	169	169	169	169	0	99	7.00	7.00	116,735.29
0	980	1	890.00	18.32	23	0	0	0	01	169	169	169	169	169	0	99	7.00	7.00	116,735.29
0	980	1	890.00	18.32	23	0	0	0	01	169	169	169	169	169	0	99	7.00	7.00	116,735.29
0	0	1	250.00	6.67	1300	0	0	0	01	169	169	169	850	850	0	99	4.00	4.00	400.00
0	0	1	250.00	6.67	1300	0	0	0	01	169	169	169	850	850	0	99	4.00	4.00	400.00
0	980	1	250.00	6.67	1300	0	0	0	01	169	169	169	850	850	0	99	4.00	4.00	400.00
0	980	1	250.00	6.67	1300	0	0	0	01	169	169	169	850	850	0	99	4.00	4.00	400.00
0	0	1	890.00	28.79	23	0	0	0	01	169	169	169	169	169	0	99	11.00	11.00	183,441.18
0	0	1	890.00	28.79	23	0	0	0	01	169	169	169	169	169	0	99	11.00	11.00	183,441.18
0	980	1	890.00	28.79	23	0	0	0	01	169	169	169	169	169	0	99	11.00	11.00	183,441.18
0	980	1	890.00	28.79	23	0	0	0	01	169	169	169	169	169	0	99	11.00	11.00	183,441.18
0	105	1	7,450.00	7,450.00	1	0	0	0	01	169	169	169	169	169	0	99	1,499.00	1,499.00	1.00
0	105	1	7,450.00	7,450.00	1	0	0	0	01	169	169	169	169	169	0	99	1,499.00	1,499.00	1.00
0	105	1	1,201.00	1,201.00	1	0	0	0	01	249	249	249	169	169	0	99	12.00	12.00	2,300.00
0	105	1	1,201.00	1,201.00	1	0	0	0	01	249	249	249	169	169	0	99	12.00	12.00	2,300.00
0	105	1	500.00	500.00	1	0	0	0	01	169	169	169	169	169	0	99	1.00	1.00	1.00
0	105	1	500.00	500.00	1	0	0	0	01	169	169	169	169	169	0	99	1.00	1.00	1.00
0	105	1	750.00	750.00	1	0	0	0	01	249	249	249	169	169	0	99	5.00	5.00	5,000.00
0	105	1	750.00	750.00	1	0	0	0	01	249	249	249	169	169	0	99	5.00	5.00	5,000.00
0	105	1	13,831.00	13,831.00	1	0	0	0	01	215	215	215	169	169	0	99	657.00	657.00	1.00
0	105	1	13,831.00	13,831.00	1	0	0	0	01	215	215	215	169	169	0	99	657.00	657.00	1.00
0	105	1	300.00	300.00	4	0	0	0	01	399	399	399	169	169	0	99	100.00	100.00	3,000.00
0	105	1	300.00	300.00	4	0	0	0	01	399	399	399	169	169	0	99	100.00	100.00	3,000.00
0	0	1	460.00	49.83	23	0	0	0	01	249	249	249	169	169	0	99	1.30	1.30	153.83
0	0	1	460.00	49.83	23	0	0	0	01	249	249	249	169	169	0	99	1.30	1.30	153.83
0	980	1	460.00	49.83	23	0	0	0	01	249	249	249	169	169	0	99	1.30	1.30	153.83
0	980	1	460.00	49.83	23	0	0	0	01	249	249	249	169	169	0	99	1.30	1.30	153.83
0	105	1	930.00	930.00	25	0	0	0	01	023	023	023	169	169	0	99	10.00	10.00	345.00
0	105	1	930.00	930.00	25	0	0	0	01	023	023	023	169	169	0	99	10.00	10.00	345.00
0	401	1	460.00	11.50	23	0	0	0	01	249	249	249	169	169	0	99	0.30	0.30	187,333.00
0	401	1	460.00	11.50	23	0	0	0	01	249	249	249	169	169	0	99	0.30	0.30	187,333.00
0	401	1	890.00	28.79	23	0	0	0	01	169	169	169	169	169	0	99	11.00	11.00	183,441.18
0	401	1	890.00	28.79	23	0	0	0	01	169	169	169	169	169	0	99	11.00	11.00	183,441.18
0	105	1	645.00	645.00	1	0	0	0	01	249	249	249	169	169	0	99	5.00	5.00	1.00
0	105	1	645.00	645.00	1	0	0	0	01	249	249	249	169	169	0	99	5.00	5.00	1.00
0	105	1	645.00	645.00	1	0	0	0	01	215	215	215	169	169	0	99	4.00	4.00	1.00
0	105	1	645.00	645.00	1	0	0	0	01	215	215	215	169	169	0	99	4.00	4.00	1.00
0	105	1	6,220.00	6,220.00	2350	0	0	0	01	215	215	215	169	169	0	99	2.00	2.00	50,000.00
0	105	1	6,220.00	6,220.00	2350	0	0	0	01	215	215	215	169	169	0	99	2.00	2.00	50,000.00
0	105	1	660.00	660.00	1	0	0	0	01	249	249	249	169	169	0	99	3.00	3.00	1.00
0	105	1	660.00	660.00	1	0	0	0	01	249	249	249	169	169	0	99	3.00	3.00	1.00
0	105	1	200.00	200.00	1	0	0	0	01	850	850	850	169	169	0	99	100.00	100.00	1.00
0	105	1	200.00	200.00	1	0	0	0	01	850	850	850	169	169	0	99	100.00	100.00	1.00
0	105	1	755.00	755.00	1	0	0	0	01	215	215	215	169	169	0	99	6.00	6.00	1.00
0	105	1	755.00	755.00	1	0	0	0	01	215	215	215	169	169	0	99	6.00	6.00	1.00
0	430	AVG015	1,330.00	3.00	25	0	0	VO	01	063	063	063	169	169	0	3201215	3.00	3.00	330.00
0	430	AVG015	1,330.00	3.00	25	0	0	VO	01	063	063	063	169	169	0	3201215	3.00	3.00	330.00
0	980	AVG015	1,330.00	1.00	25	0	0	VO	01	063	063	063	169	169	0	3201215	1.00	1.00	110.00
0	980	AVG015	1,330.00	1.00	25	0	0	VO	01	063	063	063	169	169	0	3201215	1.00	1.00	110.00
0	408	AVG015	1,330.00	1.00	25	0	0	VO	01	063	063	063	169	169	0	3201215	1.00	1.00	110.00
0	408	AVG015	1,330.00	1.00	25	0	0	VO	01	063	063	063	169	169	0	3201215	1.00	1.00	110.00
0	0	AVG015	1,330.00	0.30	25	0	0	VO	01	063	063	063	169	169	0	3201215	0.30	0.30	33.00
0	0	AVG015	1,330.00	0.30	25	0	0	VO	01	063	063	063	169	169	0	3201215	0.30	0.30	33.00
0	105	wy0315	837.00	200.00	25	0	0	BB	01	023	023	023	169	169	0	313201	150.00	150.00	150.00
0	105	wy0315	837.00	200.00	25	0	0	BB	01	023	023	023	169	169	0	313201	150.00	150.00	150.00
0	980	SMS2015	1,330.00	75.00	25	0	0	VG	01	063	063	063	169	169	0	4102050	3.00	3.00	76.20
0	980	SMS2015	1,330.00	75.00	25	0	0	VG	01	063	063	063	169	169	0	4102050	3.00	3.00	76.20
0	430	SMS2015	1,330.00	75.00	25	0	0	VG	01	063	063	063	169	169	0	4102050	3.00	3.00	76.20
0	430	SMS2015	1,330.00	75.00	25	0	0	VG	01	063	063	063	169	169	0	4102050	3.00	3.00	76.20
0	0	SMS2015	1,330.00	75.00	25	0	0	VG	01	063	063	063	169	169	0	4102050	3.00	3.00	76.20
0	0	SMS2015	1,330.00	75.00	25	0	0	VG	01	063	063	063	169	169	0	4102050	3.00	3.00	76.20
0	980	SMS2015	1,330.00	75.00	25	0	0	VG	01	063	063	063	169	169	0	4102050	3.00	3.00	76.20
0	980	SMS2015	1,330.00	75.00	25	0	0	VG	01	063	063	063	169	169	0	4102050	3.00	3.00	76.20
0	980	SMS2015	1,330.00	62.50	25	0	0	VG	01	063	063	063	169	169	0	4102050	2.50	2.50	63.50
0	980	SMS2015	1,330.00	62.50	25	0	0	VG	01	063	063	063	169	169	0	4102050	2.50	2.50	63.50
0	408	SMS2015	1,330.00	62.50	25	0	0	VG	01	063	063	063	169	169	0	4102050	2.50	2.50	63.50
0	408	SMS2015	1,330.00	62.50	25	0	0	VG	01	063	063	063	169	169	0	4102050	2.50	2.50	63.50
0	0	SMS2015	1,330.00	7.50	25	0	0	VG	01	063	063	063	169	169	0	4102050	0.30	0.30	7.62
0	0	SMS2015	1,330.00	7.50	25	0	0	VG	01	063	063	063	169	169	0	4102050	0.30	0.30	7.62
0	105	phi3024	837.00	50.00	25	0	0	VG	01	023	023	023	169	169	0	353203	200.00	200.00	125.00
0	105	phi3024	837.00	50.00	25	0	0	VG	01	023	023	023	169	169	0	353203	200.00	200.00	125.00
0	0	SMS2015	1,330.00	57.50	25	0	0	VG	01	063	063	063	169	169	0	4102050	2.30	2.30	58.42
0	0	SMS2015	1,330.00	57.50	25	0	0	VG	01	063	063	063	169	169	0	4102050	2.30	2.30	58.42
0	980	SMS2015	1,330.00	57.50	25	0	0	VG	01	063	063	063	169	169	0	4102050	2.30	2.30	58.42
0	980	SMS2015	1,330.00	57.50	25	0	0	VG	01	063	063	063	169	169	0	4102050	2.30	2.30	58.42
0	105	SMS2015	837.00	86.00	25	0	0	VG	01	023	023	023	169	169	0	4102050	2.00	2.00	74.00
0	105	SMS2015	837.00	86.00	25	0	0	VG	01	023	023	023	169	169	0	4102050	2.00	2.00	74.00
0	0	SMS2015	1,330.00	77.50	25	0	0	VG	01	063	063	063	169	169	0	4102050	3.10	3.10	78.74
0	0	SMS2015	1,330.00	77.50	25	0	0	VG	01	063	063	063	169	169	0	4102050	3.10	3.10	78.74
0	980	SMS2015	1,330.00	77.50	25	0	0	VG	01	063	063	063	169	169	0	4102050	3.10	3.10	78.74
0	980	SMS2015	1,330.00	77.50	25	0	0	VG	01	063	063	063	169	169	0	4102050	3.10	3.10	78.74
0	980	SMS2015	1,330.00	72.50	25	0	0	VG	01	063	063	063	169	169	0	4102050	2.90	2.90	73.66
0	980	SMS2015	1,330.00	72.50	25	0	0	VG	01	063	063	063	169	169	0	4102050	2.90	2.90	73.66
0	408	SMS2015	1,330.00	72.50	25	0	0	VG	01	063	063	063	169	169	0	4102050	2.90	2.90	73.66
0	408	SMS2015	1,330.00	72.50	25	0	0	VG	01	063	063	063	169	169	0	4102050	2.90	2.90	73.66
0	980	phi3024	837.00	1.50	25	0	0	VG	01	023	023	023	169	169	0	353203	6.00	6.00	3.75
0	980	phi3024	837.00	1.50	25	0	0	VG	01	023	023	023	169	169	0	353203	6.00	6.00	3.75
0	408	phi3024	837.00	1.50	25	0	0	VG	01	023	023	023	169	169	0	353203	6.00	6.00	3.75
0	329	1	660.00	110.00	1	0	0	0	01	249	249	249	169	169	0	99	0.50	0.50	25.00
0	329	1	660.00	110.00	1	0	0	0	01	249	249	249	169	169	0	99	0.50	0.50	25.00
0	980	1	660.00	110.00	1	0	0	0	01	249	249	249	169	169	0	99	0.50	0.50	0.00
0	980	1	660.00	110.00	1	0	0	0	01	249	249	249	169	169	0	99	0.50	0.50	0.00
0	329	1	660.00	110.00	1	0	0	0	01	249	249	249	169	169	0	99	0.50	0.50	15.00
0	329	1	660.00	110.00	1	0	0	0	01	249	249	249	169	169	0	99	0.50	0.50	15.00
0	980	1	660.00	110.00	1	0	0	0	01	249	249	249	169	169	0	99	0.50	0.50	0.00
0	980	1	660.00	110.00	1	0	0	0	01	249	249	249	169	169	0	99	0.50	0.50	0.00
0	401	1	660.00	66.00	1	0	0	0	01	249	249	249	169	169	0	99	0.30	0.30	573,948.00
0	401	1	660.00	66.00	1	0	0	0	01	249	249	249	169	169	0	99	0.30	0.30	573,948.00
0	401	1	660.00	66.00	1	0	0	0	01	249	249	249	169	169	0	99	0.30	0.30	573,948.00
0	401	1	660.00	66.00	1	0	0	0	01	249	249	249	169	169	0	99	0.30	0.30	573,948.00
0	401	1	660.00	66.00	1	0	0	0	01	249	249	249	169	169	0	99	0.30	0.30	573,948.00
0	401	1	660.00	66.00	1	0	0	0	01	249	249	249	169	169	0	99	0.30	0.30	573,948.00
0	401	1	660.00	66.00	1	0	0	0	01	249	249	249	169	169	0	99	0.30	0.30	573,948.00
0	401	1	660.00	66.00	1	0	0	0	01	249	249	249	169	169	0	99	0.30	0.30	573,948.00
0	401	1	460.00	92.00	23	0	0	0	01	249	249	249	169	169	0	99	2.40	2.40	187,581.50
0	401	1	460.00	92.00	23	0	0	0	01	249	249	249	169	169	0	99	2.40	2.40	187,581.50
0	105	2	940.00	0.00	35	0	0	0	01	023	023	023	169	169	0	2	0.00	0.00	0.00
0	105	2	940.00	0.00	35	0	0	0	01	023	023	023	169	169	0	2	0.00	0.00	0.00
0	105	2	940.00	890.00	35	0	0	0	01	023	023	023	169	169	0	2	20.00	20.00	636.00
0	105	2	940.00	890.00	35	0	0	0	01	023	023	023	169	169	0	2	20.00	20.00	636.00
0	0	1	460.00	138.00	23	0	0	0	01	249	249	249	169	169	0	99	3.60	3.60	426.00
0	0	1	460.00	138.00	23	0	0	0	01	249	249	249	169	169	0	99	3.60	3.60	426.00
0	0	1	940.00	752.00	35	0	0	0	01	023	023	023	169	169	0	99	8.00	8.00	210.00
0	0	1	940.00	752.00	35	0	0	0	01	023	023	023	169	169	0	99	8.00	8.00	210.00
0	980	1	940.00	752.00	35	0	0	0	01	023	023	023	169	169	0	99	8.00	8.00	210.00
0	980	1	940.00	752.00	35	0	0	0	01	023	023	023	169	169	0	99	8.00	8.00	210.00
0	105	1	100.00	100.00	1	0	0	0	01	850	850	850	169	169	0	99	20.00	20.00	1.00
0	105	1	100.00	100.00	1	0	0	0	01	850	850	850	169	169	0	99	20.00	20.00	1.00
0	105	1	200.00	200.00	1	0	0	0	01	850	850	850	169	169	0	99	100.00	100.00	1.00
0	105	1	200.00	200.00	1	0	0	0	01	850	850	850	169	169	0	99	100.00	100.00	1.00
0	105	1	200.00	200.00	1	0	0	0	01	149	149	149	169	169	0	99	30.00	30.00	1.00
0	105	1	200.00	200.00	1	0	0	0	01	149	149	149	169	169	0	99	30.00	30.00	1.00
0	0	1	940.00	47.00	35	0	0	0	01	023	023	023	169	169	0	99	0.50	0.50	521,718.75
0	0	1	940.00	47.00	35	0	0	0	01	023	023	023	169	169	0	99	0.50	0.50	521,718.75
0	980	1	940.00	47.00	35	0	0	0	01	023	023	023	169	169	0	99	0.50	0.50	521,718.75
0	980	1	940.00	47.00	35	0	0	0	01	023	023	023	169	169	0	99	0.50	0.50	521,718.75
0	105	1	44,001.00	44,001.00	1	0	0	0	01	249	249	249	169	169	0	99	22.00	22.00	105.00
0	105	1	44,001.00	44,001.00	1	0	0	0	01	249	249	249	169	169	0	99	22.00	22.00	105.00
0	329	1	44,001.00	4,000.09	1	0	0	0	01	249	249	249	169	169	0	99	2.00	2.00	54.00
0	329	1	44,001.00	4,000.09	1	0	0	0	01	249	249	249	169	169	0	99	2.00	2.00	54.00
0	980	1	44,001.00	4,000.09	1	0	0	0	01	249	249	249	169	169	0	99	2.00	2.00	0.00
0	980	1	44,001.00	4,000.09	1	0	0	0	01	249	249	249	169	169	0	99	2.00	2.00	0.00
0	105	1	620.00	620.00	1	0	0	0	01	023	023	023	169	169	0	99	26.00	26.00	7,200.00
0	105	1	620.00	620.00	1	0	0	0	01	023	023	023	169	169	0	99	26.00	26.00	7,200.00
0	0	1	620.00	95.38	1	0	0	0	01	023	023	023	169	169	0	99	4.00	4.00	1,107.69
0	0	1	620.00	95.38	1	0	0	0	01	023	023	023	169	169	0	99	4.00	4.00	1,107.69
0	980	1	620.00	95.38	1	0	0	0	01	023	023	023	169	169	0	99	4.00	4.00	1,107.69
0	980	1	620.00	95.38	1	0	0	0	01	023	023	023	169	169	0	99	4.00	4.00	1,107.69
0	0	1	620.00	35.77	1	0	0	0	01	023	023	023	169	169	0	99	1.50	1.50	415.38
0	0	1	620.00	35.77	1	0	0	0	01	023	023	023	169	169	0	99	1.50	1.50	415.38
0	980	1	620.00	35.77	1	0	0	0	01	023	023	023	169	169	0	99	1.50	1.50	415.38
0	980	1	620.00	35.77	1	0	0	0	01	023	023	023	169	169	0	99	1.50	1.50	415.38
0	105	1	6,743.00	6,743.00	345	0	0	0	01	023	023	023	169	169	0	99	22.00	22.00	4,500.00
0	105	1	6,743.00	6,743.00	345	0	0	0	01	023	023	023	169	169	0	99	22.00	22.00	4,500.00
0	980	1	6,743.00	613.00	345	0	0	0	01	023	023	023	169	169	0	99	2.00	2.00	0.00
0	980	1	6,743.00	613.00	345	0	0	0	01	023	023	023	169	169	0	99	2.00	2.00	0.00
0	329	1	6,743.00	613.00	345	0	0	0	01	023	023	023	169	169	0	99	2.00	2.00	45.00
0	329	1	6,743.00	613.00	345	0	0	0	01	023	023	023	169	169	0	99	2.00	2.00	45.00
0	401	1	44,001.00	600.01	1	0	0	0	01	249	249	249	169	169	0	99	0.30	0.30	1,392,840.00
0	401	1	44,001.00	600.01	1	0	0	0	01	249	249	249	169	169	0	99	0.30	0.30	1,392,840.00
0	0	AVG015	1,330.00	0.10	25	0	0	VO	01	063	063	063	169	169	0	3201215	0.10	0.10	11.00
0	0	AVG015	1,330.00	0.10	25	0	0	VO	01	063	063	063	169	169	0	3201215	0.10	0.10	11.00
0	0	AVG015	1,330.00	0.03	25	0	0	VO	01	063	063	063	169	169	0	3201215	0.03	0.03	3.30
0	0	AVG015	1,330.00	0.03	25	0	0	VO	01	063	063	063	169	169	0	3201215	0.03	0.03	3.30
0	0	AVG015	1,330.00	0.02	25	0	0	VO	01	063	063	063	169	169	0	3201215	0.02	0.02	2.20
0	0	AVG015	1,330.00	0.02	25	0	0	VO	01	063	063	063	169	169	0	3201215	0.02	0.02	2.20
0	401	AVG015	1,330.00	1.40	25	0	0	VO	01	063	063	063	169	169	0	3201215	1.40	1.40	154.00
0	401	AVG015	1,330.00	1.40	25	0	0	VO	01	063	063	063	169	169	0	3201215	1.40	1.40	154.00
0	980	AVG015	1,330.00	0.20	25	0	0	VO	01	063	063	063	169	169	0	3201215	0.20	0.20	22.00
0	980	AVG015	1,330.00	0.20	25	0	0	VO	01	063	063	063	169	169	0	3201215	0.20	0.20	22.00
0	408	AVG015	1,330.00	0.20	25	0	0	VO	01	063	063	063	169	169	0	3201215	0.20	0.20	22.00
0	408	AVG015	1,330.00	0.20	25	0	0	VO	01	063	063	063	169	169	0	3201215	0.20	0.20	22.00
0	0	AVG015	1,330.00	0.10	25	0	0	VO	01	063	063	063	169	169	0	3201215	0.10	0.10	11.00
0	0	AVG015	1,330.00	0.10	25	0	0	VO	01	063	063	063	169	169	0	3201215	0.10	0.10	11.00
0	0	AVG015	1,330.00	0.01	25	0	0	VO	01	063	063	063	169	169	0	3201215	0.01	0.01	1.10
0	0	AVG015	1,330.00	0.01	25	0	0	VO	01	063	063	063	169	169	0	3201215	0.01	0.01	1.10
0	105	wy0315	18,485.00	2,300.00	320341	0	0	RL	04	023	023	023	169	169	0	313201	95.00	95.00	3,200.00
0	105	wy0315	18,485.00	2,300.00	320341	0	0	RL	04	023	023	023	169	169	0	313201	95.00	95.00	3,200.00
0	105	SMS2015	18,485.00	860.00	320341	0	0	BB	04	023	023	023	169	169	0	4102050	30.00	30.00	3,100.00
0	105	SMS2015	18,485.00	860.00	320341	0	0	BB	04	023	023	023	169	169	0	4102050	30.00	30.00	3,100.00
0	329	SMS2015	18,485.00	114.67	320341	0	0	BB	04	023	023	023	169	169	0	4102050	4.00	4.00	45.00
0	329	SMS2015	18,485.00	114.67	320341	0	0	BB	04	023	023	023	169	169	0	4102050	4.00	4.00	45.00
0	980	SMS2015	18,485.00	114.67	320341	0	0	BB	04	023	023	023	169	169	0	4102050	4.00	4.00	0.00
0	980	SMS2015	18,485.00	114.67	320341	0	0	BB	04	023	023	023	169	169	0	4102050	4.00	4.00	0.00
0	980	SMS2015	18,485.00	172.00	320341	0	0	BB	04	023	023	023	169	169	0	4102050	6.00	6.00	0.00
0	980	SMS2015	18,485.00	172.00	320341	0	0	BB	04	023	023	023	169	169	0	4102050	6.00	6.00	0.00
0	329	SMS2015	18,485.00	172.00	320341	0	0	BB	04	023	023	023	169	169	0	4102050	6.00	6.00	60.00
0	329	SMS2015	18,485.00	172.00	320341	0	0	BB	04	023	023	023	169	169	0	4102050	6.00	6.00	60.00
0	980	SMS2015	18,485.00	114.67	320341	0	0	BB	04	023	023	023	169	169	0	4102050	4.00	4.00	3,128,342.00
0	980	SMS2015	18,485.00	114.67	320341	0	0	BB	04	023	023	023	169	169	0	4102050	4.00	4.00	3,128,342.00
0	408	SMS2015	18,485.00	114.67	320341	0	0	BB	04	023	023	023	169	169	0	4102050	4.00	4.00	3,128,342.00
0	408	SMS2015	18,485.00	114.67	320341	0	0	BB	04	023	023	023	169	169	0	4102050	4.00	4.00	3,128,342.00
0	0	SMS2015	18,485.00	57.34	320341	0	0	BB	04	023	023	023	169	169	0	4102050	2.00	2.00	1,564,171.00
0	0	SMS2015	18,485.00	57.34	320341	0	0	BB	04	023	023	023	169	169	0	4102050	2.00	2.00	1,564,171.00
0	0	SMS2015	18,485.00	14.33	320341	0	0	BB	04	023	023	023	169	169	0	4102050	0.50	0.50	391,042.75
0	0	SMS2015	18,485.00	14.33	320341	0	0	BB	04	023	023	023	169	169	0	4102050	0.50	0.50	391,042.75
0	105	phi3024	18,485.00	420.00	320341	0	0	BK	04	023	023	023	169	169	0	353203	200.00	200.00	560.00
0	105	phi3024	18,485.00	420.00	320341	0	0	BK	04	023	023	023	169	169	0	353203	200.00	200.00	560.00
0	980	phi3024	18,485.00	52.50	320341	0	0	BK	04	023	023	023	169	169	0	353203	25.00	25.00	70.00
0	980	phi3024	18,485.00	52.50	320341	0	0	BK	04	023	023	023	169	169	0	353203	25.00	25.00	70.00
0	408	phi3024	18,485.00	52.50	320341	0	0	BK	04	023	023	023	169	169	0	353203	25.00	25.00	70.00
0	408	phi3024	18,485.00	52.50	320341	0	0	BK	04	023	023	023	169	169	0	353203	25.00	25.00	70.00
0	0	phi3024	18,485.00	23.10	320341	0	0	BK	04	023	023	023	169	169	0	353203	11.00	11.00	30.80
0	0	phi3024	18,485.00	23.10	320341	0	0	BK	04	023	023	023	169	169	0	353203	11.00	11.00	30.80
0	408	phi3024	837.00	1.50	25	0	0	VG	01	023	023	023	169	169	0	353203	6.00	6.00	3.75
0	980	DL2015	1,330.00	11.67	25	0	0	VG	01	063	063	063	169	169	0	120015	5.00	5.00	53.33
0	980	DL2015	1,330.00	11.67	25	0	0	VG	01	063	063	063	169	169	0	120015	5.00	5.00	53.33
0	408	DL2015	1,330.00	11.67	25	0	0	VG	01	063	063	063	169	169	0	120015	5.00	5.00	53.33
0	408	DL2015	1,330.00	11.67	25	0	0	VG	01	063	063	063	169	169	0	120015	5.00	5.00	53.33
0	0	SMS2015	1,330.00	50.00	25	0	0	VG	01	063	063	063	169	169	0	4102050	2.00	2.00	50.80
0	0	SMS2015	1,330.00	50.00	25	0	0	VG	01	063	063	063	169	169	0	4102050	2.00	2.00	50.80
0	0	DL2015	1,330.00	4.67	25	0	0	VG	01	063	063	063	169	169	0	120015	2.00	2.00	21.33
0	0	DL2015	1,330.00	4.67	25	0	0	VG	01	063	063	063	169	169	0	120015	2.00	2.00	21.33
0	0	phi3024	837.00	0.50	25	0	0	VG	01	023	023	023	169	169	0	353203	2.00	2.00	1.25
0	0	phi3024	837.00	0.50	25	0	0	VG	01	023	023	023	169	169	0	353203	2.00	2.00	1.25
0	0	DL2015	1,330.00	1.17	25	0	0	VG	01	063	063	063	169	169	0	120015	0.50	0.50	5.33
0	0	DL2015	1,330.00	1.17	25	0	0	VG	01	063	063	063	169	169	0	120015	0.50	0.50	5.33
0	0	SMS2015	1,330.00	7.50	25	0	0	VG	01	063	063	063	169	169	0	4102050	0.30	0.30	7.62
0	0	SMS2015	1,330.00	7.50	25	0	0	VG	01	063	063	063	169	169	0	4102050	0.30	0.30	7.62
0	0	phi3024	837.00	0.15	25	0	0	VG	01	023	023	023	169	169	0	353203	0.60	0.60	0.38
0	0	phi3024	837.00	0.15	25	0	0	VG	01	023	023	023	169	169	0	353203	0.60	0.60	0.38
0	980	SMS2015	1,330.00	125.00	25	0	0	VG	01	063	063	063	169	169	0	4102050	5.00	5.00	127.00
0	980	SMS2015	1,330.00	125.00	25	0	0	VG	01	063	063	063	169	169	0	4102050	5.00	5.00	127.00
0	408	SMS2015	1,330.00	125.00	25	0	0	VG	01	063	063	063	169	169	0	4102050	5.00	5.00	127.00
0	408	SMS2015	1,330.00	125.00	25	0	0	VG	01	063	063	063	169	169	0	4102050	5.00	5.00	127.00
0	0	SMS2015	1,330.00	75.00	25	0	0	VG	01	063	063	063	169	169	0	4102050	3.00	3.00	76.20
0	0	SMS2015	1,330.00	75.00	25	0	0	VG	01	063	063	063	169	169	0	4102050	3.00	3.00	76.20
0	0	DL2015	1,330.00	2.80	25	0	0	VG	01	063	063	063	169	169	0	120015	1.20	1.20	12.80
0	0	DL2015	1,330.00	2.80	25	0	0	VG	01	063	063	063	169	169	0	120015	1.20	1.20	12.80
0	0	SMS2015	1,330.00	10.00	25	0	0	VG	01	063	063	063	169	169	0	4102050	0.40	0.40	10.16
0	0	SMS2015	1,330.00	10.00	25	0	0	VG	01	063	063	063	169	169	0	4102050	0.40	0.40	10.16
0	0	phi3024	837.00	0.13	25	0	0	VG	01	023	023	023	169	169	0	353203	0.50	0.50	0.31
0	0	phi3024	837.00	0.13	25	0	0	VG	01	023	023	023	169	169	0	353203	0.50	0.50	0.31
0	105	DL2015	215.00	15.00	1	0	0	VG	01	249	249	249	169	169	0	120015	15.00	15.00	15.00
0	105	DL2015	215.00	15.00	1	0	0	VG	01	249	249	249	169	169	0	120015	15.00	15.00	15.00
0	105	230021	4,495.00	395.00	1	0	0	VG	04	023	023	023	169	169	0	230021	20.00	20.00	460.00
0	105	230021	4,495.00	395.00	1	0	0	VG	04	023	023	023	169	169	0	230021	20.00	20.00	460.00
0	980	SMS2015	1,330.00	10.00	25	0	0	VG	01	063	063	063	169	169	0	4102050	0.40	0.40	10.16
0	980	SMS2015	1,330.00	10.00	25	0	0	VG	01	063	063	063	169	169	0	4102050	0.40	0.40	10.16
0	408	SMS2015	1,330.00	10.00	25	0	0	VG	01	063	063	063	169	169	0	4102050	0.40	0.40	10.16
0	408	SMS2015	1,330.00	10.00	25	0	0	VG	01	063	063	063	169	169	0	4102050	0.40	0.40	10.16
0	980	DL2015	1,330.00	7.00	25	0	0	VG	01	063	063	063	169	169	0	120015	3.00	3.00	32.00
0	980	DL2015	1,330.00	7.00	25	0	0	VG	01	063	063	063	169	169	0	120015	3.00	3.00	32.00
0	408	DL2015	1,330.00	7.00	25	0	0	VG	01	063	063	063	169	169	0	120015	3.00	3.00	32.00
0	408	DL2015	1,330.00	7.00	25	0	0	VG	01	063	063	063	169	169	0	120015	3.00	3.00	32.00
0	0	DL2015	1,330.00	4.67	25	0	0	VG	01	063	063	063	169	169	0	120015	2.00	2.00	21.33
0	0	DL2015	1,330.00	4.67	25	0	0	VG	01	063	063	063	169	169	0	120015	2.00	2.00	21.33
0	0	DL2015	1,330.00	0.47	25	0	0	VG	01	063	063	063	169	169	0	120015	0.20	0.20	2.13
0	0	DL2015	1,330.00	0.47	25	0	0	VG	01	063	063	063	169	169	0	120015	0.20	0.20	2.13
0	0	SMS2015	1,330.00	3.75	25	0	0	VG	01	063	063	063	169	169	0	4102050	0.15	0.15	3.81
0	0	SMS2015	1,330.00	3.75	25	0	0	VG	01	063	063	063	169	169	0	4102050	0.15	0.15	3.81
0	0	phi3024	837.00	0.10	25	0	0	VG	01	023	023	023	169	169	0	353203	0.40	0.40	0.25
0	0	phi3024	837.00	0.10	25	0	0	VG	01	023	023	023	169	169	0	353203	0.40	0.40	0.25
0	980	SMS2015	1,330.00	27.50	25	0	0	VG	01	063	063	063	169	169	0	4102050	1.10	1.10	27.94
0	980	SMS2015	1,330.00	27.50	25	0	0	VG	01	063	063	063	169	169	0	4102050	1.10	1.10	27.94
0	105	SMS2015	215.00	200.00	1	0	0	CF	01	249	249	249	169	169	0	4102050	200.00	200.00	200.00
0	105	SMS2015	215.00	200.00	1	0	0	CF	01	249	249	249	169	169	0	4102050	200.00	200.00	200.00
0	0	1	44,001.00	10,000.23	1	0	0	0	01	249	249	249	169	169	0	99	5.00	5.00	836.25
0	0	1	44,001.00	10,000.23	1	0	0	0	01	249	249	249	169	169	0	99	5.00	5.00	836.25
0	980	1	44,001.00	10,000.23	1	0	0	0	01	249	249	249	169	169	0	99	5.00	5.00	836.25
0	980	1	44,001.00	10,000.23	1	0	0	0	01	249	249	249	169	169	0	99	5.00	5.00	836.25
0	0	1	44,001.00	6,000.14	1	0	0	0	01	249	249	249	169	169	0	99	3.00	3.00	836.25
0	0	1	44,001.00	6,000.14	1	0	0	0	01	249	249	249	169	169	0	99	3.00	3.00	836.25
0	980	1	44,001.00	6,000.14	1	0	0	0	01	249	249	249	169	169	0	99	3.00	3.00	836.25
0	980	1	44,001.00	6,000.14	1	0	0	0	01	249	249	249	169	169	0	99	3.00	3.00	836.25
0	105	2	460.00	0.00	23	0	0	0	01	249	249	249	169	169	0	2	0.00	0.00	0.00
0	105	2	460.00	0.00	23	0	0	0	01	249	249	249	169	169	0	2	0.00	0.00	0.00
0	105	2	460.00	138.00	23	0	0	0	01	249	249	249	169	169	0	2	6.00	6.00	426.00
0	105	2	460.00	138.00	23	0	0	0	01	249	249	249	169	169	0	2	6.00	6.00	426.00
0	0	1	460.00	138.00	23	0	0	0	01	249	249	249	169	169	0	99	6.00	6.00	426.00
0	0	1	460.00	138.00	23	0	0	0	01	249	249	249	169	169	0	99	6.00	6.00	426.00
0	0	1	44,001.00	6,000.14	1	0	0	0	01	249	249	249	169	169	0	99	3.00	3.00	1,254.38
0	0	1	44,001.00	6,000.14	1	0	0	0	01	249	249	249	169	169	0	99	3.00	3.00	1,254.38
0	980	1	44,001.00	6,000.14	1	0	0	0	01	249	249	249	169	169	0	99	3.00	3.00	1,254.38
0	980	1	44,001.00	6,000.14	1	0	0	0	01	249	249	249	169	169	0	99	3.00	3.00	1,254.38
0	0	1	780.00	234.00	45	0	0	0	01	239	239	239	169	169	0	99	1.50	1.50	201.00
0	0	1	780.00	234.00	45	0	0	0	01	239	239	239	169	169	0	99	1.50	1.50	201.00
0	980	1	780.00	234.00	45	0	0	0	01	239	239	239	169	169	0	99	1.50	1.50	201.00
0	980	1	780.00	234.00	45	0	0	0	01	239	239	239	169	169	0	99	1.50	1.50	201.00
0	0	1	12.00	2.73	12	0	0	0	01	399	399	399	169	169	0	99	2.50	2.50	7,840.91
0	0	1	12.00	2.73	12	0	0	0	01	399	399	399	169	169	0	99	2.50	2.50	7,840.91
0	980	1	12.00	2.73	12	0	0	0	01	399	399	399	169	169	0	99	2.50	2.50	7,840.91
0	980	1	12.00	2.73	12	0	0	0	01	399	399	399	169	169	0	99	2.50	2.50	7,840.91
0	0	1	460.00	34.50	23	0	0	0	01	249	249	249	169	169	0	99	0.90	0.90	106.50
0	0	1	460.00	34.50	23	0	0	0	01	249	249	249	169	169	0	99	0.90	0.90	106.50
0	980	1	460.00	34.50	23	0	0	0	01	249	249	249	169	169	0	99	0.90	0.90	106.50
0	980	1	460.00	34.50	23	0	0	0	01	249	249	249	169	169	0	99	0.90	0.90	106.50
0	980	1	460.00	34.50	23	0	0	0	01	249	249	249	169	169	0	99	0.90	0.90	106.50
0	980	1	460.00	34.50	23	0	0	0	01	249	249	249	169	169	0	99	0.90	0.90	106.50
0	0	1	6,743.00	1,532.50	345	0	0	0	01	023	023	023	169	169	0	99	5.00	5.00	1,036.00
0	0	1	6,743.00	1,532.50	345	0	0	0	01	023	023	023	169	169	0	99	5.00	5.00	1,036.00
0	980	1	6,743.00	1,532.50	345	0	0	0	01	023	023	023	169	169	0	99	5.00	5.00	1,036.00
0	980	1	6,743.00	1,532.50	345	0	0	0	01	023	023	023	169	169	0	99	5.00	5.00	1,036.00
0	0	1	1,040.00	283.64	3400	0	0	0	01	249	249	249	169	169	0	99	3.00	3.00	1,546.36
0	0	1	1,040.00	283.64	3400	0	0	0	01	249	249	249	169	169	0	99	3.00	3.00	1,546.36
0	980	1	1,040.00	283.64	3400	0	0	0	01	249	249	249	169	169	0	99	3.00	3.00	1,546.36
0	980	1	1,040.00	283.64	3400	0	0	0	01	249	249	249	169	169	0	99	3.00	3.00	1,546.36
0	0	1	1,040.00	283.63	3400	0	0	0	01	249	249	249	169	169	0	99	3.00	3.00	1,546.37
0	0	1	1,040.00	283.63	3400	0	0	0	01	249	249	249	169	169	0	99	3.00	3.00	1,546.37
0	980	1	1,040.00	283.63	3400	0	0	0	01	249	249	249	169	169	0	99	3.00	3.00	1,546.37
0	980	1	1,040.00	283.63	3400	0	0	0	01	249	249	249	169	169	0	99	3.00	3.00	1,546.37
0	0	1	1,040.00	122.91	3400	0	0	0	01	249	249	249	169	169	0	99	1.30	1.30	670.09
0	0	1	1,040.00	122.91	3400	0	0	0	01	249	249	249	169	169	0	99	1.30	1.30	670.09
0	980	1	1,040.00	122.91	3400	0	0	0	01	249	249	249	169	169	0	99	1.30	1.30	670.09
0	980	1	1,040.00	122.91	3400	0	0	0	01	249	249	249	169	169	0	99	1.30	1.30	670.09
0	980	2	940.00	178.00	35	0	0	0	01	023	023	023	169	169	0	2	4.00	4.00	127.20
0	980	2	940.00	178.00	35	0	0	0	01	023	023	023	169	169	0	2	4.00	4.00	127.20
0	0	2	940.00	178.00	35	0	0	0	01	023	023	023	169	169	0	2	4.00	4.00	127.20
0	0	2	940.00	178.00	35	0	0	0	01	023	023	023	169	169	0	2	4.00	4.00	127.20
0	105	2	760.00	0.00	35	0	0	0	01	023	023	023	169	169	0	2	0.00	0.00	0.00
0	105	2	760.00	0.00	35	0	0	0	01	023	023	023	169	169	0	2	0.00	0.00	0.00
0	105	2	760.00	584.88	35	0	0	0	01	023	023	023	169	169	0	2	5.00	5.00	4,309.56
0	105	2	760.00	584.88	35	0	0	0	01	023	023	023	169	169	0	2	5.00	5.00	4,309.56
0	0	1	760.00	584.88	35	0	0	0	01	023	023	023	169	169	0	99	5.00	5.00	4,309.56
0	0	1	760.00	584.88	35	0	0	0	01	023	023	023	169	169	0	99	5.00	5.00	4,309.56
0	105	2	760.00	0.00	35	0	0	0	01	023	023	023	169	169	0	2	0.00	0.00	0.00
0	105	2	760.00	0.00	35	0	0	0	01	023	023	023	169	169	0	2	0.00	0.00	0.00
0	105	kit32015	18,485.00	178.72	320341	0	0	0	04	023	023	023	169	169	0	kit32015	5.00	5.00	89.85
0	105	kit32015	18,485.00	178.72	320341	0	0	0	04	023	023	023	169	169	0	kit32015	5.00	5.00	89.85
0	105	AL99	837.00	34.58	25	0	0	0	01	023	023	023	169	169	0	AL99	25.00	25.00	127.96
0	105	AL99	837.00	34.58	25	0	0	0	01	023	023	023	169	169	0	AL99	25.00	25.00	127.96
0	105	AL99	837.00	6.67	25	0	0	0	01	023	023	023	169	169	0	AL99	5.00	5.00	5.00
0	105	AL99	837.00	6.67	25	0	0	0	01	023	023	023	169	169	0	AL99	5.00	5.00	5.00
0	980	AVG015	1,330.00	1.10	25	0	0	VO	01	063	063	063	169	169	0	3201215	1.10	1.10	121.00
0	980	AVG015	1,330.00	1.10	25	0	0	VO	01	063	063	063	169	169	0	3201215	1.10	1.10	121.00
0	408	AVG015	1,330.00	1.10	25	0	0	VO	01	063	063	063	169	169	0	3201215	1.10	1.10	121.00
0	408	AVG015	1,330.00	1.10	25	0	0	VO	01	063	063	063	169	169	0	3201215	1.10	1.10	121.00
0	0	AVG015	1,330.00	0.30	25	0	0	VO	01	063	063	063	169	169	0	3201215	0.30	0.30	33.00
0	0	AVG015	1,330.00	0.30	25	0	0	VO	01	063	063	063	169	169	0	3201215	0.30	0.30	33.00
0	0	AVG015	1,330.00	0.00	25	0	0	VO	01	063	063	063	169	169	0	3201215	0.00	0.00	0.22
0	0	AVG015	1,330.00	0.00	25	0	0	VO	01	063	063	063	169	169	0	3201215	0.00	0.00	0.22
0	105	SMS2015	978.00	300.00	1	0	0	VO	01	573	573	573	169	169	0	4102050	40.00	40.00	250.00
0	105	SMS2015	978.00	300.00	1	0	0	VO	01	573	573	573	169	169	0	4102050	40.00	40.00	250.00
0	430	GN201015	1,330.00	35.38	25	0	0	VO	01	063	063	063	169	169	0	220015	10.00	10.00	53.85
0	430	GN201015	1,330.00	35.38	25	0	0	VO	01	063	063	063	169	169	0	220015	10.00	10.00	53.85
0	980	GN201015	1,330.00	35.38	25	0	0	VO	01	063	063	063	169	169	0	220015	10.00	10.00	53.85
0	980	GN201015	1,330.00	35.38	25	0	0	VO	01	063	063	063	169	169	0	220015	10.00	10.00	53.85
0	105	SMS2015	1,400.00	257.00	1	0	0	VQ	04	399	399	399	169	169	0	4102050	50.00	50.00	1,200.00
0	105	SMS2015	1,400.00	257.00	1	0	0	VQ	04	399	399	399	169	169	0	4102050	50.00	50.00	1,200.00
0	105	DL2015	800.00	150.00	210	0	0	VQ	01	169	169	169	169	169	0	120015	45.00	45.00	1,400.00
0	105	DL2015	800.00	150.00	210	0	0	VQ	01	169	169	169	169	169	0	120015	45.00	45.00	1,400.00
0	105	SMS2015	5,500.00	1,200.00	1	0	0	RL	01	249	249	249	169	169	0	4102050	200.00	200.00	1,100.00
0	105	SMS2015	5,500.00	1,200.00	1	0	0	RL	01	249	249	249	169	169	0	4102050	200.00	200.00	1,100.00
0	105	SMS2015	5,500.00	450.00	1	0	0	TO	01	249	249	249	169	169	0	4102050	50.00	50.00	630.00
0	105	SMS2015	5,500.00	450.00	1	0	0	TO	01	249	249	249	169	169	0	4102050	50.00	50.00	630.00
0	0	SMS2015	18,485.00	11.47	320341	0	0	BB	04	023	023	023	169	169	0	4102050	0.40	0.40	312,834.20
0	0	SMS2015	18,485.00	11.47	320341	0	0	BB	04	023	023	023	169	169	0	4102050	0.40	0.40	312,834.20
0	105	DL2015	5,500.00	200.00	1	0	0	BB	01	249	249	249	169	169	0	120015	30.00	30.00	225.00
0	105	DL2015	5,500.00	200.00	1	0	0	BB	01	249	249	249	169	169	0	120015	30.00	30.00	225.00
0	980	SMS2015	18,485.00	80.27	320341	0	0	BB	04	023	023	023	169	169	0	4102050	2.80	2.80	20.16
0	980	SMS2015	18,485.00	80.27	320341	0	0	BB	04	023	023	023	169	169	0	4102050	2.80	2.80	20.16
0	0	SMS2015	18,485.00	80.27	320341	0	0	BB	04	023	023	023	169	169	0	4102050	2.80	2.80	20.16
0	0	SMS2015	18,485.00	80.27	320341	0	0	BB	04	023	023	023	169	169	0	4102050	2.80	2.80	20.16
0	980	SMS2015	18,485.00	143.33	320341	0	0	BB	04	023	023	023	169	169	0	4102050	5.00	5.00	36.00
0	980	SMS2015	18,485.00	143.33	320341	0	0	BB	04	023	023	023	169	169	0	4102050	5.00	5.00	36.00
0	430	SMS2015	18,485.00	143.33	320341	0	0	BB	04	023	023	023	169	169	0	4102050	5.00	5.00	36.00
0	430	SMS2015	18,485.00	143.33	320341	0	0	BB	04	023	023	023	169	169	0	4102050	5.00	5.00	36.00
0	980	wy0315	837.00	6.67	25	0	0	BB	01	023	023	023	169	169	0	313201	5.00	5.00	5.00
0	980	wy0315	837.00	6.67	25	0	0	BB	01	023	023	023	169	169	0	313201	5.00	5.00	5.00
0	0	wy0315	837.00	6.67	25	0	0	BB	01	023	023	023	169	169	0	313201	5.00	5.00	5.00
0	0	wy0315	837.00	6.67	25	0	0	BB	01	023	023	023	169	169	0	313201	5.00	5.00	5.00
0	980	wy0315	837.00	6.67	25	0	0	BB	01	023	023	023	169	169	0	313201	5.00	5.00	5.00
0	980	wy0315	837.00	6.67	25	0	0	BB	01	023	023	023	169	169	0	313201	5.00	5.00	5.00
0	0	wy0315	837.00	6.67	25	0	0	BB	01	023	023	023	169	169	0	313201	5.00	5.00	5.00
0	408	SMS2015	1,330.00	27.50	25	0	0	VG	01	063	063	063	169	169	0	4102050	1.10	1.10	27.94
0	408	SMS2015	1,330.00	27.50	25	0	0	VG	01	063	063	063	169	169	0	4102050	1.10	1.10	27.94
0	980	DL2015	1,330.00	7.00	25	0	0	VG	01	063	063	063	169	169	0	120015	3.00	3.00	32.00
0	980	DL2015	1,330.00	7.00	25	0	0	VG	01	063	063	063	169	169	0	120015	3.00	3.00	32.00
0	408	DL2015	1,330.00	7.00	25	0	0	VG	01	063	063	063	169	169	0	120015	3.00	3.00	32.00
0	408	DL2015	1,330.00	7.00	25	0	0	VG	01	063	063	063	169	169	0	120015	3.00	3.00	32.00
0	0	SMS2015	1,330.00	50.00	25	0	0	VG	01	063	063	063	169	169	0	4102050	2.00	2.00	50.80
0	0	SMS2015	1,330.00	50.00	25	0	0	VG	01	063	063	063	169	169	0	4102050	2.00	2.00	50.80
0	0	DL2015	1,330.00	3.50	25	0	0	VG	01	063	063	063	169	169	0	120015	1.50	1.50	16.00
0	0	DL2015	1,330.00	3.50	25	0	0	VG	01	063	063	063	169	169	0	120015	1.50	1.50	16.00
0	0	DL2015	1,330.00	3.27	25	0	0	VG	01	063	063	063	169	169	0	120015	1.40	1.40	14.93
0	0	DL2015	1,330.00	3.27	25	0	0	VG	01	063	063	063	169	169	0	120015	1.40	1.40	14.93
0	0	DL2015	1,330.00	0.12	25	0	0	VG	01	063	063	063	169	169	0	120015	0.05	0.05	0.54
0	0	DL2015	1,330.00	0.12	25	0	0	VG	01	063	063	063	169	169	0	120015	0.05	0.05	0.54
0	0	SMS2015	1,330.00	10.00	25	0	0	VG	01	063	063	063	169	169	0	4102050	0.40	0.40	10.16
0	0	SMS2015	1,330.00	10.00	25	0	0	VG	01	063	063	063	169	169	0	4102050	0.40	0.40	10.16
0	0	phi3024	837.00	0.02	25	0	0	VG	01	023	023	023	169	169	0	353203	0.10	0.10	0.06
0	0	phi3024	837.00	0.02	25	0	0	VG	01	023	023	023	169	169	0	353203	0.10	0.10	0.06
0	980	SMS2015	1,330.00	42.50	25	0	0	VG	01	063	063	063	169	169	0	4102050	1.70	1.70	43.18
0	980	SMS2015	1,330.00	42.50	25	0	0	VG	01	063	063	063	169	169	0	4102050	1.70	1.70	43.18
0	0	SMS2015	1,330.00	42.50	25	0	0	VG	01	063	063	063	169	169	0	4102050	1.70	1.70	43.18
0	0	SMS2015	1,330.00	42.50	25	0	0	VG	01	063	063	063	169	169	0	4102050	1.70	1.70	43.18
0	980	SMS2015	837.00	86.00	25	0	0	VG	01	023	023	023	169	169	0	4102050	2.00	2.00	74.00
0	980	SMS2015	837.00	86.00	25	0	0	VG	01	023	023	023	169	169	0	4102050	2.00	2.00	74.00
0	0	SMS2015	837.00	86.00	25	0	0	VG	01	023	023	023	169	169	0	4102050	2.00	2.00	74.00
0	0	SMS2015	837.00	86.00	25	0	0	VG	01	023	023	023	169	169	0	4102050	2.00	2.00	74.00
0	980	DL2015	1,330.00	25.67	25	0	0	VG	01	063	063	063	169	169	0	120015	11.00	11.00	117.33
0	980	DL2015	1,330.00	25.67	25	0	0	VG	01	063	063	063	169	169	0	120015	11.00	11.00	117.33
0	0	DL2015	1,330.00	25.67	25	0	0	VG	01	063	063	063	169	169	0	120015	11.00	11.00	117.33
0	0	DL2015	1,330.00	25.67	25	0	0	VG	01	063	063	063	169	169	0	120015	11.00	11.00	117.33
0	980	phi3024	837.00	2.25	25	0	0	VG	01	023	023	023	169	169	0	353203	9.00	9.00	5.63
0	980	phi3024	837.00	2.25	25	0	0	VG	01	023	023	023	169	169	0	353203	9.00	9.00	5.63
0	0	phi3024	837.00	2.25	25	0	0	VG	01	023	023	023	169	169	0	353203	9.00	9.00	5.63
0	0	phi3024	837.00	2.25	25	0	0	VG	01	023	023	023	169	169	0	353203	9.00	9.00	5.63
0	105	AL99	4,495.00	19.75	1	0	0	0	04	023	023	023	169	169	0	AL99	1.00	1.00	23.00
0	105	AL99	4,495.00	19.75	1	0	0	0	04	023	023	023	169	169	0	AL99	1.00	1.00	23.00
0	105	1	455.00	455.00	1	0	0	0	01	215	215	215	169	169	0	99	22.00	22.00	3,650.00
0	105	1	455.00	455.00	1	0	0	0	01	215	215	215	169	169	0	99	22.00	22.00	3,650.00
0	105	1	4,555.00	4,555.00	1	0	0	0	01	023	023	023	169	169	0	99	7.00	7.00	3,460.00
0	105	1	4,555.00	4,555.00	1	0	0	0	01	023	023	023	169	169	0	99	7.00	7.00	3,460.00
0	0	1	460.00	11.50	23	0	0	0	01	249	249	249	169	169	0	99	0.30	0.30	35.50
0	0	1	460.00	11.50	23	0	0	0	01	249	249	249	169	169	0	99	0.30	0.30	35.50
0	980	1	460.00	11.50	23	0	0	0	01	249	249	249	169	169	0	99	0.30	0.30	35.50
0	980	1	460.00	11.50	23	0	0	0	01	249	249	249	169	169	0	99	0.30	0.30	35.50
0	0	1	460.00	13.42	23	0	0	0	01	249	249	249	169	169	0	99	0.35	0.35	41.42
0	0	1	460.00	13.42	23	0	0	0	01	249	249	249	169	169	0	99	0.35	0.35	41.42
0	980	1	44,001.00	5,200.12	1	0	0	0	01	249	249	249	169	169	0	99	2.60	2.60	2,787,073.75
0	980	1	44,001.00	5,200.12	1	0	0	0	01	249	249	249	169	169	0	99	2.60	2.60	2,787,073.75
0	408	1	44,001.00	5,200.12	1	0	0	0	01	249	249	249	169	169	0	99	2.60	2.60	2,787,073.75
0	408	1	44,001.00	5,200.12	1	0	0	0	01	249	249	249	169	169	0	99	2.60	2.60	2,787,073.75
0	105	AVG015	18,485.00	0.00	320341	0	0	0	04	023	023	023	169	169	0	3201215	0.00	0.00	0.00
0	105	AVG015	18,485.00	0.00	320341	0	0	0	04	023	023	023	169	169	0	3201215	0.00	0.00	0.00
0	0	AVG015	18,485.00	5.00	320341	0	0	0	04	023	023	023	169	169	0	3201215	5.00	5.00	5.00
0	0	AVG015	18,485.00	5.00	320341	0	0	0	04	023	023	023	169	169	0	3201215	5.00	5.00	5.00
0	105	DL2015	18,485.00	0.00	320341	0	0	0	04	023	023	023	169	169	0	120015	0.00	0.00	0.00
0	105	DL2015	18,485.00	0.00	320341	0	0	0	04	023	023	023	169	169	0	120015	0.00	0.00	0.00
0	0	DL2015	18,485.00	1.00	320341	0	0	0	04	023	023	023	169	169	0	120015	1.00	1.00	1.00
0	0	DL2015	18,485.00	1.00	320341	0	0	0	04	023	023	023	169	169	0	120015	1.00	1.00	1.00
0	105	1	685.00	685.00	80	0	0	0	01	169	169	169	169	169	0	99	45.00	45.00	650,000.00
0	105	1	685.00	685.00	80	0	0	0	01	169	169	169	169	169	0	99	45.00	45.00	650,000.00
0	105	2015AD01	837.00	0.00	25	0	0	0	01	023	023	023	169	169	0	add201501	0.00	0.00	0.00
0	105	2015AD01	837.00	0.00	25	0	0	0	01	023	023	023	169	169	0	add201501	0.00	0.00	0.00
0	0	2015AD01	837.00	32.00	25	0	0	0	01	023	023	023	169	169	0	add201501	11.00	11.00	11.50
0	0	2015AD01	837.00	32.00	25	0	0	0	01	023	023	023	169	169	0	add201501	11.00	11.00	11.50
0	980	1	450.70	195.96	23	0	0	0	01	215	215	215	169	169	0	99	10.00	10.00	1,982.61
0	980	1	450.70	195.96	23	0	0	0	01	215	215	215	169	169	0	99	10.00	10.00	1,982.61
0	105	AL99	450.70	195.96	23	0	0	0	01	215	215	215	169	169	0	AL99	10.00	10.00	1,982.61
0	105	AL99	450.70	195.96	23	0	0	0	01	215	215	215	169	169	0	AL99	10.00	10.00	1,982.61
0	105	AL99	4,495.00	98.75	1	0	0	0	04	023	023	023	169	169	0	AL99	5.00	5.00	115.00
0	105	AL99	4,495.00	98.75	1	0	0	0	04	023	023	023	169	169	0	AL99	5.00	5.00	115.00
0	0	1	450.70	195.96	23	0	0	0	01	215	215	215	169	169	0	99	10.00	10.00	1,982.61
0	0	1	450.70	195.96	23	0	0	0	01	215	215	215	169	169	0	99	10.00	10.00	1,982.61
0	105	AL99	1,330.00	155.16	25	0	0	0	01	063	063	063	169	169	0	AL99	22.01	22.01	178.47
0	105	AL99	1,330.00	155.16	25	0	0	0	01	063	063	063	169	169	0	AL99	22.01	22.01	178.47
0	105	AL99	1,330.00	70.00	25	0	0	0	01	063	063	063	169	169	0	AL99	30.00	30.00	320.00
0	105	AL99	1,330.00	70.00	25	0	0	0	01	063	063	063	169	169	0	AL99	30.00	30.00	320.00
0	105	1290323PTVN	978.00	98.00	1	0	0	VO	01	573	573	573	169	169	0	1290323PTVN	500.00	500.00	320.00
0	105	1290323PTVN	978.00	98.00	1	0	0	VO	01	573	573	573	169	169	0	1290323PTVN	500.00	500.00	320.00
0	980	AVG015	1,330.00	0.20	25	0	0	VO	01	063	063	063	169	169	0	3201215	0.20	0.20	22.00
0	980	AVG015	1,330.00	0.20	25	0	0	VO	01	063	063	063	169	169	0	3201215	0.20	0.20	22.00
0	408	AVG015	1,330.00	0.20	25	0	0	VO	01	063	063	063	169	169	0	3201215	0.20	0.20	22.00
0	408	AVG015	1,330.00	0.20	25	0	0	VO	01	063	063	063	169	169	0	3201215	0.20	0.20	22.00
0	980	GN201015	1,330.00	17.69	25	0	0	VO	01	063	063	063	169	169	0	220015	5.00	5.00	26.92
0	980	GN201015	1,330.00	17.69	25	0	0	VO	01	063	063	063	169	169	0	220015	5.00	5.00	26.92
0	408	GN201015	1,330.00	17.69	25	0	0	VO	01	063	063	063	169	169	0	220015	5.00	5.00	26.92
0	408	GN201015	1,330.00	17.69	25	0	0	VO	01	063	063	063	169	169	0	220015	5.00	5.00	26.92
0	0	AVG015	1,330.00	0.40	25	0	0	VO	01	063	063	063	169	169	0	3201215	0.40	0.40	44.00
0	0	AVG015	1,330.00	0.40	25	0	0	VO	01	063	063	063	169	169	0	3201215	0.40	0.40	44.00
0	0	AVG015	1,330.00	0.20	25	0	0	VO	01	063	063	063	169	169	0	3201215	0.20	0.20	22.00
0	0	AVG015	1,330.00	0.20	25	0	0	VO	01	063	063	063	169	169	0	3201215	0.20	0.20	22.00
0	0	AVG015	1,330.00	0.15	25	0	0	VO	01	063	063	063	169	169	0	3201215	0.15	0.15	16.50
0	0	AVG015	1,330.00	0.15	25	0	0	VO	01	063	063	063	169	169	0	3201215	0.15	0.15	16.50
0	0	AVG015	1,330.00	0.02	25	0	0	VO	01	063	063	063	169	169	0	3201215	0.02	0.02	2.20
0	0	AVG015	1,330.00	0.02	25	0	0	VO	01	063	063	063	169	169	0	3201215	0.02	0.02	2.20
0	0	AVG015	1,330.00	0.50	25	0	0	VO	01	063	063	063	169	169	0	3201215	0.50	0.50	55.00
0	0	AVG015	1,330.00	0.50	25	0	0	VO	01	063	063	063	169	169	0	3201215	0.50	0.50	55.00
0	980	1290323PTVN	978.00	2.16	1	0	0	VO	01	573	573	573	169	169	0	1290323PTVN	11.00	11.00	7.04
0	980	1290323PTVN	978.00	2.16	1	0	0	VO	01	573	573	573	169	169	0	1290323PTVN	11.00	11.00	7.04
0	0	1290323PTVN	978.00	2.16	1	0	0	VO	01	573	573	573	169	169	0	1290323PTVN	11.00	11.00	7.04
0	0	1290323PTVN	978.00	2.16	1	0	0	VO	01	573	573	573	169	169	0	1290323PTVN	11.00	11.00	7.04
0	980	AVG015	1,330.00	1.01	25	0	0	VO	01	063	063	063	169	169	0	3201215	1.01	1.01	111.10
0	980	AVG015	1,330.00	1.01	25	0	0	VO	01	063	063	063	169	169	0	3201215	1.01	1.01	111.10
0	0	AVG015	1,330.00	1.01	25	0	0	VO	01	063	063	063	169	169	0	3201215	1.01	1.01	111.10
0	0	AVG015	1,330.00	1.01	25	0	0	VO	01	063	063	063	169	169	0	3201215	1.01	1.01	111.10
0	105	1	1,400.00	873.00	1	0	0	TO	04	399	399	399	169	169	0	99	10.00	10.00	4,800.00
0	105	1	1,400.00	873.00	1	0	0	TO	04	399	399	399	169	169	0	99	10.00	10.00	4,800.00
0	0	wy0315	837.00	6.67	25	0	0	BB	01	023	023	023	169	169	0	313201	5.00	5.00	5.00
0	980	SMS2015	18,485.00	157.67	320341	0	0	BB	04	023	023	023	169	169	0	4102050	5.50	5.50	1,877,027.52
0	980	SMS2015	18,485.00	157.67	320341	0	0	BB	04	023	023	023	169	169	0	4102050	5.50	5.50	1,877,027.52
0	408	SMS2015	18,485.00	157.67	320341	0	0	BB	04	023	023	023	169	169	0	4102050	5.50	5.50	1,877,027.52
0	408	SMS2015	18,485.00	157.67	320341	0	0	BB	04	023	023	023	169	169	0	4102050	5.50	5.50	1,877,027.52
0	0	SMS2015	18,485.00	57.33	320341	0	0	BB	04	023	023	023	169	169	0	4102050	2.00	2.00	938,508.36
0	0	SMS2015	18,485.00	57.33	320341	0	0	BB	04	023	023	023	169	169	0	4102050	2.00	2.00	938,508.36
0	0	SMS2015	18,485.00	48.73	320341	0	0	BB	04	023	023	023	169	169	0	4102050	1.70	1.70	938,506.20
0	0	SMS2015	18,485.00	48.73	320341	0	0	BB	04	023	023	023	169	169	0	4102050	1.70	1.70	938,506.20
0	980	wy0315	837.00	22.67	25	0	0	BB	01	023	023	023	169	169	0	313201	17.00	17.00	17.00
0	980	wy0315	837.00	22.67	25	0	0	BB	01	023	023	023	169	169	0	313201	17.00	17.00	17.00
0	408	wy0315	837.00	22.67	25	0	0	BB	01	023	023	023	169	169	0	313201	17.00	17.00	17.00
0	408	wy0315	837.00	22.67	25	0	0	BB	01	023	023	023	169	169	0	313201	17.00	17.00	17.00
0	980	SMS2015	18,485.00	77.40	320341	0	0	BB	04	023	023	023	169	169	0	4102050	2.70	2.70	312,850.76
0	980	SMS2015	18,485.00	77.40	320341	0	0	BB	04	023	023	023	169	169	0	4102050	2.70	2.70	312,850.76
0	408	SMS2015	18,485.00	77.40	320341	0	0	BB	04	023	023	023	169	169	0	4102050	2.70	2.70	312,850.76
0	408	SMS2015	18,485.00	77.40	320341	0	0	BB	04	023	023	023	169	169	0	4102050	2.70	2.70	312,850.76
0	0	SMS2015	18,485.00	43.00	320341	0	0	BB	04	023	023	023	169	169	0	4102050	1.50	1.50	312,842.12
0	0	SMS2015	18,485.00	43.00	320341	0	0	BB	04	023	023	023	169	169	0	4102050	1.50	1.50	312,842.12
0	0	wy0315	837.00	3.20	25	0	0	BB	01	023	023	023	169	169	0	313201	2.40	2.40	2.40
0	0	wy0315	837.00	3.20	25	0	0	BB	01	023	023	023	169	169	0	313201	2.40	2.40	2.40
0	0	SMS2015	18,485.00	6.02	320341	0	0	BB	04	023	023	023	169	169	0	4102050	0.21	0.21	1.51
0	0	SMS2015	18,485.00	6.02	320341	0	0	BB	04	023	023	023	169	169	0	4102050	0.21	0.21	1.51
0	0	SMS2015	18,485.00	8.60	320341	0	0	BB	04	023	023	023	169	169	0	4102050	0.30	0.30	234,625.65
0	0	SMS2015	18,485.00	8.60	320341	0	0	BB	04	023	023	023	169	169	0	4102050	0.30	0.30	234,625.65
0	0	SMS2015	18,485.00	0.57	320341	0	0	BB	04	023	023	023	169	169	0	4102050	0.02	0.02	0.14
0	0	SMS2015	18,485.00	0.57	320341	0	0	BB	04	023	023	023	169	169	0	4102050	0.02	0.02	0.14
0	0	wy0315	837.00	4.13	25	0	0	BB	01	023	023	023	169	169	0	313201	3.10	3.10	3.10
0	0	wy0315	837.00	4.13	25	0	0	BB	01	023	023	023	169	169	0	313201	3.10	3.10	3.10
0	980	wy0315	837.00	4.00	25	0	0	BB	01	023	023	023	169	169	0	313201	3.00	3.00	3.00
0	980	wy0315	837.00	4.00	25	0	0	BB	01	023	023	023	169	169	0	313201	3.00	3.00	3.00
0	0	wy0315	837.00	4.00	25	0	0	BB	01	023	023	023	169	169	0	313201	3.00	3.00	3.00
0	0	wy0315	837.00	4.00	25	0	0	BB	01	023	023	023	169	169	0	313201	3.00	3.00	3.00
0	980	SMS2015	18,485.00	143.33	320341	0	0	BB	04	023	023	023	169	169	0	4102050	5.00	5.00	36.00
0	980	SMS2015	18,485.00	143.33	320341	0	0	BB	04	023	023	023	169	169	0	4102050	5.00	5.00	36.00
0	0	SMS2015	18,485.00	143.33	320341	0	0	BB	04	023	023	023	169	169	0	4102050	5.00	5.00	36.00
0	0	SMS2015	18,485.00	143.33	320341	0	0	BB	04	023	023	023	169	169	0	4102050	5.00	5.00	36.00
0	0	phi3024	18,485.00	6.93	320341	0	0	BK	04	023	023	023	169	169	0	353203	3.30	3.30	9.24
0	0	phi3024	18,485.00	6.93	320341	0	0	BK	04	023	023	023	169	169	0	353203	3.30	3.30	9.24
0	0	phi3024	18,485.00	4.20	320341	0	0	BK	04	023	023	023	169	169	0	353203	2.00	2.00	5.60
0	0	phi3024	18,485.00	4.20	320341	0	0	BK	04	023	023	023	169	169	0	353203	2.00	2.00	5.60
0	105	DL2015	45,431.00	10,100.00	1	0	0	BR	01	538	538	538	169	169	0	120015	150.00	150.00	2,300.00
0	105	DL2015	45,431.00	10,100.00	1	0	0	BR	01	538	538	538	169	169	0	120015	150.00	150.00	2,300.00
0	105	phi3024	1,400.00	270.00	1	0	0	VG	04	399	399	399	169	169	0	353203	10,000.00	10,000.00	1,600.00
0	105	phi3024	1,400.00	270.00	1	0	0	VG	04	399	399	399	169	169	0	353203	10,000.00	10,000.00	1,600.00
0	980	230021	4,495.00	19.75	1	0	0	VG	04	023	023	023	169	169	0	230021	1.00	1.00	23.00
0	980	230021	4,495.00	19.75	1	0	0	VG	04	023	023	023	169	169	0	230021	1.00	1.00	23.00
0	0	230021	4,495.00	19.75	1	0	0	VG	04	023	023	023	169	169	0	230021	1.00	1.00	23.00
0	0	230021	4,495.00	19.75	1	0	0	VG	04	023	023	023	169	169	0	230021	1.00	1.00	23.00
0	0	DL2015	1,330.00	32.67	25	0	0	VG	01	063	063	063	169	169	0	120015	14.00	14.00	149.33
0	0	DL2015	1,330.00	32.67	25	0	0	VG	01	063	063	063	169	169	0	120015	14.00	14.00	149.33
0	980	DL2015	1,330.00	32.67	25	0	0	VG	01	063	063	063	169	169	0	120015	14.00	14.00	149.33
0	980	DL2015	1,330.00	32.67	25	0	0	VG	01	063	063	063	169	169	0	120015	14.00	14.00	149.33
0	980	phi3024	837.00	1.23	25	0	0	VG	01	023	023	023	169	169	0	353203	4.90	4.90	3.06
0	980	phi3024	837.00	1.23	25	0	0	VG	01	023	023	023	169	169	0	353203	4.90	4.90	3.06
0	408	phi3024	837.00	1.23	25	0	0	VG	01	023	023	023	169	169	0	353203	4.90	4.90	3.06
0	408	phi3024	837.00	1.23	25	0	0	VG	01	023	023	023	169	169	0	353203	4.90	4.90	3.06
0	0	SMS2015	1,330.00	25.00	25	0	0	VG	01	063	063	063	169	169	0	4102050	1.00	1.00	25.40
0	0	SMS2015	1,330.00	25.00	25	0	0	VG	01	063	063	063	169	169	0	4102050	1.00	1.00	25.40
0	0	230021	4,495.00	98.75	1	0	0	VG	04	023	023	023	169	169	0	230021	5.00	5.00	115.00
0	0	230021	4,495.00	98.75	1	0	0	VG	04	023	023	023	169	169	0	230021	5.00	5.00	115.00
0	980	230021	4,495.00	98.75	1	0	0	VG	04	023	023	023	169	169	0	230021	5.00	5.00	115.00
0	980	230021	4,495.00	98.75	1	0	0	VG	04	023	023	023	169	169	0	230021	5.00	5.00	115.00
0	980	DL2015	1,330.00	4.67	25	0	0	VG	01	063	063	063	169	169	0	120015	2.00	2.00	21.33
0	980	DL2015	1,330.00	4.67	25	0	0	VG	01	063	063	063	169	169	0	120015	2.00	2.00	21.33
0	0	DL2015	1,330.00	4.67	25	0	0	VG	01	063	063	063	169	169	0	120015	2.00	2.00	21.33
0	0	DL2015	1,330.00	4.67	25	0	0	VG	01	063	063	063	169	169	0	120015	2.00	2.00	21.33
0	105	wy0315	978.00	150.00	1	0	0	CS	01	573	573	573	169	169	0	313201	250.00	250.00	260.00
0	105	wy0315	978.00	150.00	1	0	0	CS	01	573	573	573	169	169	0	313201	250.00	250.00	260.00
0	105	DL2015	45,431.00	15,300.00	1	0	0	FR	01	538	538	538	169	169	0	120015	200.00	200.00	6,500.00
0	105	DL2015	45,431.00	15,300.00	1	0	0	FR	01	538	538	538	169	169	0	120015	200.00	200.00	6,500.00
0	105	phi3024	978.00	50.00	1	0	0	NE	01	573	573	573	169	169	0	353203	600.00	600.00	50.00
0	105	phi3024	978.00	50.00	1	0	0	NE	01	573	573	573	169	169	0	353203	600.00	600.00	50.00
0	105	1	500.00	500.00	80	0	0	0	01	169	169	169	169	169	0	99	22.00	22.00	56,000.00
0	105	1	500.00	500.00	80	0	0	0	01	169	169	169	169	169	0	99	22.00	22.00	56,000.00
0	105	AL99	837.00	19.42	25	0	0	0	01	023	023	023	169	169	0	AL99	10.80	10.80	138.65
0	105	AL99	837.00	19.42	25	0	0	0	01	023	023	023	169	169	0	AL99	10.80	10.80	138.65
0	105	1	450.00	450.00	25	0	0	0	01	275	275	275	169	169	0	99	17.00	17.00	5,600.00
0	105	1	450.00	450.00	25	0	0	0	01	275	275	275	169	169	0	99	17.00	17.00	5,600.00
0	105	1	447.00	447.00	34	0	0	0	01	249	249	249	169	169	0	99	19.00	19.00	670.00
0	105	1	447.00	447.00	34	0	0	0	01	249	249	249	169	169	0	99	19.00	19.00	670.00
0	105	1	5,460.00	5,460.00	1	0	0	0	01	169	169	169	169	169	0	99	2.00	2.00	1.00
0	105	1	5,460.00	5,460.00	1	0	0	0	01	169	169	169	169	169	0	99	2.00	2.00	1.00
0	105	1	6,680.00	6,680.00	1	0	0	0	01	215	215	215	169	169	0	99	7.00	7.00	1.00
0	105	1	6,680.00	6,680.00	1	0	0	0	01	215	215	215	169	169	0	99	7.00	7.00	1.00
0	105	1	6,450.00	6,450.00	120	0	0	0	04	215	215	215	169	169	0	99	10.00	10.00	4,580.00
0	105	1	6,450.00	6,450.00	120	0	0	0	04	215	215	215	169	169	0	99	10.00	10.00	4,580.00
0	105	AL99	18,485.00	152.61	320341	0	0	0	04	023	023	023	169	169	0	AL99	16.00	16.00	1,574,540.11
0	105	AL99	18,485.00	152.61	320341	0	0	0	04	023	023	023	169	169	0	AL99	16.00	16.00	1,574,540.11
0	105	AL99	18,485.00	127.61	320341	0	0	0	04	023	023	023	169	169	0	AL99	16.00	16.00	1,594,517.25
0	105	AL99	18,485.00	127.61	320341	0	0	0	04	023	023	023	169	169	0	AL99	16.00	16.00	1,594,517.25
0	105	AL99	837.00	134.49	25	0	0	0	01	023	023	023	169	169	0	AL99	81.73	81.73	352.64
0	105	AL99	837.00	134.49	25	0	0	0	01	023	023	023	169	169	0	AL99	81.73	81.73	352.64
0	105	2	6,680.00	0.00	1	0	0	0	01	215	215	215	169	169	0	2	0.00	0.00	0.00
0	105	2	6,680.00	0.00	1	0	0	0	01	215	215	215	169	169	0	2	0.00	0.00	0.00
0	105	2	6,680.00	6,680.00	1	0	0	0	01	215	215	215	169	169	0	2	2.00	2.00	1.00
0	105	2	6,680.00	6,680.00	1	0	0	0	01	215	215	215	169	169	0	2	2.00	2.00	1.00
0	0	1	6,680.00	6,680.00	1	0	0	0	01	215	215	215	169	169	0	99	2.00	2.00	1.00
0	0	1	6,680.00	6,680.00	1	0	0	0	01	215	215	215	169	169	0	99	2.00	2.00	1.00
0	980	1	6,680.00	6,680.00	1	0	0	0	01	215	215	215	169	169	0	99	7.00	7.00	1.00
0	980	1	6,680.00	6,680.00	1	0	0	0	01	215	215	215	169	169	0	99	7.00	7.00	1.00
0	105	AL99	215.00	104.72	1	0	0	0	01	249	249	249	169	169	0	AL99	52.00	52.00	109.62
0	105	AL99	215.00	104.72	1	0	0	0	01	249	249	249	169	169	0	AL99	52.00	52.00	109.62
0	105	AL99	837.00	2.25	25	0	0	0	01	023	023	023	169	169	0	AL99	9.00	9.00	5.63
0	105	AL99	837.00	2.25	25	0	0	0	01	023	023	023	169	169	0	AL99	9.00	9.00	5.63
0	105	AL99	837.00	2.75	25	0	0	0	01	023	023	023	169	169	0	AL99	11.00	11.00	6.88
0	105	AL99	837.00	2.75	25	0	0	0	01	023	023	023	169	169	0	AL99	11.00	11.00	6.88
0	980	GN201015	1,330.00	10.62	25	0	0	VO	01	063	063	063	169	169	0	220015	3.00	3.00	16.15
0	980	GN201015	1,330.00	10.62	25	0	0	VO	01	063	063	063	169	169	0	220015	3.00	3.00	16.15
0	0	GN201015	1,330.00	10.62	25	0	0	VO	01	063	063	063	169	169	0	220015	3.00	3.00	16.15
0	0	GN201015	1,330.00	10.62	25	0	0	VO	01	063	063	063	169	169	0	220015	3.00	3.00	16.15
0	980	AVG015	1,330.00	0.80	25	0	0	VO	01	063	063	063	169	169	0	3201215	0.80	0.80	88.00
0	980	AVG015	1,330.00	0.80	25	0	0	VO	01	063	063	063	169	169	0	3201215	0.80	0.80	88.00
0	0	AVG015	1,330.00	0.80	25	0	0	VO	01	063	063	063	169	169	0	3201215	0.80	0.80	88.00
0	0	AVG015	1,330.00	0.80	25	0	0	VO	01	063	063	063	169	169	0	3201215	0.80	0.80	88.00
0	0	AVG015	1,330.00	0.20	25	0	0	VO	01	063	063	063	169	169	0	3201215	0.20	0.20	22.00
0	0	AVG015	1,330.00	0.20	25	0	0	VO	01	063	063	063	169	169	0	3201215	0.20	0.20	22.00
0	980	GN201015	1,330.00	7.08	25	0	0	VO	01	063	063	063	169	169	0	220015	2.00	2.00	10.77
0	980	GN201015	1,330.00	7.08	25	0	0	VO	01	063	063	063	169	169	0	220015	2.00	2.00	10.77
0	0	GN201015	1,330.00	7.08	25	0	0	VO	01	063	063	063	169	169	0	220015	2.00	2.00	10.77
0	0	GN201015	1,330.00	7.08	25	0	0	VO	01	063	063	063	169	169	0	220015	2.00	2.00	10.77
0	980	AVG015	1,330.00	0.20	25	0	0	VO	01	063	063	063	169	169	0	3201215	0.20	0.20	22.00
0	980	AVG015	1,330.00	0.20	25	0	0	VO	01	063	063	063	169	169	0	3201215	0.20	0.20	22.00
0	0	AVG015	1,330.00	0.20	25	0	0	VO	01	063	063	063	169	169	0	3201215	0.20	0.20	22.00
0	0	AVG015	1,330.00	0.20	25	0	0	VO	01	063	063	063	169	169	0	3201215	0.20	0.20	22.00
0	980	AVG015	1,330.00	0.31	25	0	0	VO	01	063	063	063	169	169	0	3201215	0.31	0.31	34.10
0	980	AVG015	1,330.00	0.31	25	0	0	VO	01	063	063	063	169	169	0	3201215	0.31	0.31	34.10
0	408	AVG015	1,330.00	0.31	25	0	0	VO	01	063	063	063	169	169	0	3201215	0.31	0.31	34.10
0	0	DL2015	800.00	16.67	210	0	0	VQ	01	169	169	169	169	169	0	120015	5.00	5.00	155.56
0	0	DL2015	800.00	16.67	210	0	0	VQ	01	169	169	169	169	169	0	120015	5.00	5.00	155.56
0	980	DL2015	800.00	16.67	210	0	0	VQ	01	169	169	169	169	169	0	120015	5.00	5.00	155.56
0	980	DL2015	800.00	16.67	210	0	0	VQ	01	169	169	169	169	169	0	120015	5.00	5.00	155.56
0	980	DL2015	800.00	16.67	210	0	0	VQ	01	169	169	169	169	169	0	120015	5.00	5.00	155.56
0	980	DL2015	800.00	16.67	210	0	0	VQ	01	169	169	169	169	169	0	120015	5.00	5.00	155.56
0	0	DL2015	800.00	16.67	210	0	0	VQ	01	169	169	169	169	169	0	120015	5.00	5.00	155.56
0	0	DL2015	800.00	16.67	210	0	0	VQ	01	169	169	169	169	169	0	120015	5.00	5.00	155.56
0	105	DL2015	555.00	150.00	1	0	0	VQ	01	249	249	249	169	169	0	120015	50.00	50.00	1.00
0	105	DL2015	555.00	150.00	1	0	0	VQ	01	249	249	249	169	169	0	120015	50.00	50.00	1.00
0	105	DL2015	555.00	150.00	1	0	0	VQ	01	249	249	249	169	169	0	120015	50.00	50.00	2,149.00
0	105	DL2015	555.00	150.00	1	0	0	VQ	01	249	249	249	169	169	0	120015	50.00	50.00	2,149.00
0	980	DL2015	800.00	40.00	210	0	0	VQ	01	169	169	169	169	169	0	120015	12.00	12.00	373.33
0	980	DL2015	800.00	40.00	210	0	0	VQ	01	169	169	169	169	169	0	120015	12.00	12.00	373.33
0	408	DL2015	800.00	40.00	210	0	0	VQ	01	169	169	169	169	169	0	120015	12.00	12.00	373.33
0	408	DL2015	800.00	40.00	210	0	0	VQ	01	169	169	169	169	169	0	120015	12.00	12.00	373.33
0	0	DL2015	800.00	16.67	210	0	0	VQ	01	169	169	169	169	169	0	120015	5.00	5.00	155.55
0	0	DL2015	800.00	16.67	210	0	0	VQ	01	169	169	169	169	169	0	120015	5.00	5.00	155.55
0	105	DL2015	555.00	150.00	1	0	0	VY	01	249	249	249	169	169	0	120015	70.00	70.00	1,200.00
0	105	DL2015	555.00	150.00	1	0	0	VY	01	249	249	249	169	169	0	120015	70.00	70.00	1,200.00
0	980	SMS2015	18,485.00	28.67	320341	0	0	BB	04	023	023	023	169	169	0	4102050	1.00	1.00	782,085.50
0	980	SMS2015	18,485.00	28.67	320341	0	0	BB	04	023	023	023	169	169	0	4102050	1.00	1.00	782,085.50
0	0	SMS2015	18,485.00	28.67	320341	0	0	BB	04	023	023	023	169	169	0	4102050	1.00	1.00	782,085.50
0	0	SMS2015	18,485.00	28.67	320341	0	0	BB	04	023	023	023	169	169	0	4102050	1.00	1.00	782,085.50
0	980	SMS2015	18,485.00	28.67	320341	0	0	BB	04	023	023	023	169	169	0	4102050	1.00	1.00	782,085.50
0	980	SMS2015	18,485.00	28.67	320341	0	0	BB	04	023	023	023	169	169	0	4102050	1.00	1.00	782,085.50
0	0	SMS2015	18,485.00	28.67	320341	0	0	BB	04	023	023	023	169	169	0	4102050	1.00	1.00	782,085.50
0	0	SMS2015	18,485.00	28.67	320341	0	0	BB	04	023	023	023	169	169	0	4102050	1.00	1.00	782,085.50
0	980	wy0315	837.00	68.00	25	0	0	BB	01	023	023	023	169	169	0	313201	51.00	51.00	51.00
0	980	wy0315	837.00	68.00	25	0	0	BB	01	023	023	023	169	169	0	313201	51.00	51.00	51.00
0	0	wy0315	837.00	68.00	25	0	0	BB	01	023	023	023	169	169	0	313201	51.00	51.00	51.00
0	0	wy0315	837.00	68.00	25	0	0	BB	01	023	023	023	169	169	0	313201	51.00	51.00	51.00
0	105	DL2015	555.00	105.00	1	0	0	BB	01	249	249	249	169	169	0	120015	150.00	150.00	150.00
0	105	DL2015	555.00	105.00	1	0	0	BB	01	249	249	249	169	169	0	120015	150.00	150.00	150.00
0	0	SMS2015	18,485.00	51.60	320341	0	0	BB	04	023	023	023	169	169	0	4102050	1.80	1.80	12.96
0	0	SMS2015	18,485.00	51.60	320341	0	0	BB	04	023	023	023	169	169	0	4102050	1.80	1.80	12.96
0	980	SMS2015	18,485.00	51.60	320341	0	0	BB	04	023	023	023	169	169	0	4102050	1.80	1.80	12.96
0	980	SMS2015	18,485.00	51.60	320341	0	0	BB	04	023	023	023	169	169	0	4102050	1.80	1.80	12.96
0	980	wy0315	837.00	12.00	25	0	0	BB	01	023	023	023	169	169	0	313201	9.00	9.00	9.00
0	980	wy0315	837.00	12.00	25	0	0	BB	01	023	023	023	169	169	0	313201	9.00	9.00	9.00
0	408	wy0315	837.00	12.00	25	0	0	BB	01	023	023	023	169	169	0	313201	9.00	9.00	9.00
0	408	wy0315	837.00	12.00	25	0	0	BB	01	023	023	023	169	169	0	313201	9.00	9.00	9.00
0	980	SMS2015	18,485.00	22.93	320341	0	0	BB	04	023	023	023	169	169	0	4102050	0.80	0.80	625,668.40
0	980	SMS2015	18,485.00	22.93	320341	0	0	BB	04	023	023	023	169	169	0	4102050	0.80	0.80	625,668.40
0	408	SMS2015	18,485.00	22.93	320341	0	0	BB	04	023	023	023	169	169	0	4102050	0.80	0.80	625,668.40
0	408	SMS2015	18,485.00	22.93	320341	0	0	BB	04	023	023	023	169	169	0	4102050	0.80	0.80	625,668.40
0	0	SMS2015	18,485.00	43.01	320341	0	0	BB	04	023	023	023	169	169	0	4102050	1.50	1.50	312,842.12
0	0	SMS2015	18,485.00	43.01	320341	0	0	BB	04	023	023	023	169	169	0	4102050	1.50	1.50	312,842.12
0	0	phi3024	18,485.00	5.25	320341	0	0	BK	04	023	023	023	169	169	0	353203	2.50	2.50	7.00
0	0	phi3024	18,485.00	5.25	320341	0	0	BK	04	023	023	023	169	169	0	353203	2.50	2.50	7.00
0	980	DL2015	1,330.00	70.00	25	0	0	VG	01	063	063	063	169	169	0	120015	30.00	30.00	320.00
0	980	DL2015	1,330.00	70.00	25	0	0	VG	01	063	063	063	169	169	0	120015	30.00	30.00	320.00
0	0	DL2015	1,330.00	70.00	25	0	0	VG	01	063	063	063	169	169	0	120015	30.00	30.00	320.00
0	0	DL2015	1,330.00	70.00	25	0	0	VG	01	063	063	063	169	169	0	120015	30.00	30.00	320.00
0	980	DL2015	1,330.00	7.00	25	0	0	VG	01	063	063	063	169	169	0	120015	3.00	3.00	32.00
0	980	DL2015	1,330.00	7.00	25	0	0	VG	01	063	063	063	169	169	0	120015	3.00	3.00	32.00
0	0	DL2015	1,330.00	7.00	25	0	0	VG	01	063	063	063	169	169	0	120015	3.00	3.00	32.00
0	0	DL2015	1,330.00	7.00	25	0	0	VG	01	063	063	063	169	169	0	120015	3.00	3.00	32.00
0	980	phi3024	837.00	1.00	25	0	0	VG	01	023	023	023	169	169	0	353203	4.00	4.00	2.50
0	980	phi3024	837.00	1.00	25	0	0	VG	01	023	023	023	169	169	0	353203	4.00	4.00	2.50
0	0	phi3024	837.00	1.00	25	0	0	VG	01	023	023	023	169	169	0	353203	4.00	4.00	2.50
0	0	phi3024	837.00	1.00	25	0	0	VG	01	023	023	023	169	169	0	353203	4.00	4.00	2.50
0	0	DL2015	1,330.00	14.00	25	0	0	VG	01	063	063	063	169	169	0	120015	6.00	6.00	64.00
0	0	DL2015	1,330.00	14.00	25	0	0	VG	01	063	063	063	169	169	0	120015	6.00	6.00	64.00
0	0	phi3024	837.00	6.25	25	0	0	VG	01	023	023	023	169	169	0	353203	25.00	25.00	15.62
0	0	phi3024	837.00	6.25	25	0	0	VG	01	023	023	023	169	169	0	353203	25.00	25.00	15.62
0	401	230021	4,495.00	79.00	1	0	0	VG	04	023	023	023	169	169	0	230021	4.00	4.00	92.00
0	401	230021	4,495.00	79.00	1	0	0	VG	04	023	023	023	169	169	0	230021	4.00	4.00	92.00
0	980	DL2015	1,330.00	58.33	25	0	0	VG	01	063	063	063	169	169	0	120015	25.00	25.00	266.67
0	980	DL2015	1,330.00	58.33	25	0	0	VG	01	063	063	063	169	169	0	120015	25.00	25.00	266.67
0	0	DL2015	1,330.00	58.33	25	0	0	VG	01	063	063	063	169	169	0	120015	25.00	25.00	266.67
0	0	DL2015	1,330.00	58.33	25	0	0	VG	01	063	063	063	169	169	0	120015	25.00	25.00	266.67
0	980	phi3024	837.00	0.88	25	0	0	VG	01	023	023	023	169	169	0	353203	3.53	3.53	2.20
0	980	phi3024	837.00	0.88	25	0	0	VG	01	023	023	023	169	169	0	353203	3.53	3.53	2.20
0	0	phi3024	837.00	0.88	25	0	0	VG	01	023	023	023	169	169	0	353203	3.53	3.53	2.20
0	0	phi3024	837.00	0.88	25	0	0	VG	01	023	023	023	169	169	0	353203	3.53	3.53	2.20
0	0	DL2015	1,330.00	11.67	25	0	0	VG	01	063	063	063	169	169	0	120015	5.00	5.00	53.33
0	0	DL2015	1,330.00	11.67	25	0	0	VG	01	063	063	063	169	169	0	120015	5.00	5.00	53.33
0	980	DL2015	1,330.00	11.67	25	0	0	VG	01	063	063	063	169	169	0	120015	5.00	5.00	53.33
0	980	DL2015	1,330.00	11.67	25	0	0	VG	01	063	063	063	169	169	0	120015	5.00	5.00	53.33
0	980	phi3024	837.00	1.25	25	0	0	VG	01	023	023	023	169	169	0	353203	5.00	5.00	3.13
0	980	phi3024	837.00	1.25	25	0	0	VG	01	023	023	023	169	169	0	353203	5.00	5.00	3.13
0	0	phi3024	837.00	1.25	25	0	0	VG	01	023	023	023	169	169	0	353203	5.00	5.00	3.13
0	0	phi3024	837.00	1.25	25	0	0	VG	01	023	023	023	169	169	0	353203	5.00	5.00	3.13
0	980	phi3024	837.00	2.25	25	0	0	VG	01	023	023	023	169	169	0	353203	9.00	9.00	5.63
0	980	phi3024	837.00	2.25	25	0	0	VG	01	023	023	023	169	169	0	353203	9.00	9.00	5.63
0	0	phi3024	837.00	2.25	25	0	0	VG	01	023	023	023	169	169	0	353203	9.00	9.00	5.63
0	0	phi3024	837.00	2.25	25	0	0	VG	01	023	023	023	169	169	0	353203	9.00	9.00	5.63
0	980	phi3024	837.00	2.75	25	0	0	VG	01	023	023	023	169	169	0	353203	11.00	11.00	6.88
0	980	phi3024	837.00	2.75	25	0	0	VG	01	023	023	023	169	169	0	353203	11.00	11.00	6.88
0	0	phi3024	837.00	2.75	25	0	0	VG	01	023	023	023	169	169	0	353203	11.00	11.00	6.88
0	0	phi3024	837.00	2.75	25	0	0	VG	01	023	023	023	169	169	0	353203	11.00	11.00	6.88
0	980	SMS2015	215.00	40.20	1	0	0	CF	01	249	249	249	169	169	0	4102050	40.20	40.20	40.20
0	980	SMS2015	215.00	40.20	1	0	0	CF	01	249	249	249	169	169	0	4102050	40.20	40.20	40.20
0	0	SMS2015	215.00	40.20	1	0	0	CF	01	249	249	249	169	169	0	4102050	40.20	40.20	40.20
0	0	SMS2015	215.00	40.20	1	0	0	CF	01	249	249	249	169	169	0	4102050	40.20	40.20	40.20
0	401	1	500.00	620.83	80	0	0	0	01	169	169	169	169	169	0	99	2.50	2.50	5,833.44
0	401	1	500.00	620.83	80	0	0	0	01	169	169	169	169	169	0	99	2.50	2.50	5,833.44
0	401	1	500.00	496.67	80	0	0	0	01	169	169	169	169	169	0	99	2.00	2.00	4,666.75
0	401	1	500.00	496.67	80	0	0	0	01	169	169	169	169	169	0	99	2.00	2.00	4,666.75
0	401	1	200.00	6.67	1	0	0	0	01	149	149	149	169	169	0	99	1.00	1.00	0.03
0	401	1	200.00	6.67	1	0	0	0	01	149	149	149	169	169	0	99	1.00	1.00	0.03
0	105	1	546.00	546.00	11	0	0	0	01	249	249	249	169	169	0	99	4.00	4.00	23,402.00
0	105	1	546.00	546.00	11	0	0	0	01	249	249	249	169	169	0	99	4.00	4.00	23,402.00
0	105	1	4,500.00	4,500.00	21	0	0	0	01	245	245	245	169	169	0	99	11.00	11.00	345.00
0	105	1	4,500.00	4,500.00	21	0	0	0	01	245	245	245	169	169	0	99	11.00	11.00	345.00
0	105	1	445.00	445.00	2020	0	0	0	01	249	249	249	169	169	0	99	21.00	21.00	2,012.00
0	105	1	445.00	445.00	2020	0	0	0	01	249	249	249	169	169	0	99	21.00	21.00	2,012.00
0	401	1	546.00	273.00	11	0	0	0	01	249	249	249	169	169	0	99	2.00	2.00	11,701.00
0	401	1	546.00	273.00	11	0	0	0	01	249	249	249	169	169	0	99	2.00	2.00	11,701.00
0	105	AL99	1,330.00	29.20	25	0	0	0	01	063	063	063	169	169	0	AL99	16.20	16.20	152.50
0	105	AL99	1,330.00	29.20	25	0	0	0	01	063	063	063	169	169	0	AL99	16.20	16.20	152.50
0	329	1	4,500.00	2,045.45	21	0	0	0	01	245	245	245	169	169	0	99	5.00	5.00	25.00
0	329	1	4,500.00	2,045.45	21	0	0	0	01	245	245	245	169	169	0	99	5.00	5.00	25.00
0	980	1	4,500.00	2,045.45	21	0	0	0	01	245	245	245	169	169	0	99	5.00	5.00	0.00
0	980	1	4,500.00	2,045.45	21	0	0	0	01	245	245	245	169	169	0	99	5.00	5.00	0.00
0	401	1	4,500.00	1,636.36	21	0	0	0	01	245	245	245	169	169	0	99	4.00	4.00	5,332,620.00
0	401	1	4,500.00	1,636.36	21	0	0	0	01	245	245	245	169	169	0	99	4.00	4.00	5,332,620.00
0	105	1	18,500.00	18,500.00	23	0	0	0	04	215	215	215	169	169	0	99	8.00	8.00	6,870.00
0	105	1	18,500.00	18,500.00	23	0	0	0	04	215	215	215	169	169	0	99	8.00	8.00	6,870.00
0	105	1	975.00	975.00	45	0	0	0	01	023	023	023	169	169	0	99	6.00	6.00	4,500.00
0	105	1	975.00	975.00	45	0	0	0	01	023	023	023	169	169	0	99	6.00	6.00	4,500.00
0	105	2	18,500.00	0.00	23	0	0	0	04	215	215	215	169	169	0	2	0.00	0.00	0.00
0	105	2	18,500.00	0.00	23	0	0	0	04	215	215	215	169	169	0	2	0.00	0.00	0.00
0	105	2	18,500.00	18,500.00	23	0	0	0	04	215	215	215	169	169	0	2	12.00	12.00	6,870.00
0	105	2	18,500.00	18,500.00	23	0	0	0	04	215	215	215	169	169	0	2	12.00	12.00	6,870.00
0	0	1	18,500.00	18,500.00	23	0	0	0	04	215	215	215	169	169	0	99	12.00	12.00	6,870.00
0	0	1	18,500.00	18,500.00	23	0	0	0	04	215	215	215	169	169	0	99	12.00	12.00	6,870.00
0	980	1	18,500.00	18,500.00	23	0	0	0	04	215	215	215	169	169	0	99	8.00	8.00	6,870.00
0	980	1	18,500.00	18,500.00	23	0	0	0	04	215	215	215	169	169	0	99	8.00	8.00	6,870.00
0	105	1	19,485.00	19,485.00	234	0	0	0	04	215	215	215	169	169	0	99	11.00	11.00	5,670.00
0	105	1	19,485.00	19,485.00	234	0	0	0	04	215	215	215	169	169	0	99	11.00	11.00	5,670.00
0	401	1	19,485.00	5,314.09	234	0	0	0	04	215	215	215	169	169	0	99	3.00	3.00	1,546.36
0	401	1	19,485.00	5,314.09	234	0	0	0	04	215	215	215	169	169	0	99	3.00	3.00	1,546.36
0	105	2	4,500.00	0.00	21	0	0	0	01	245	245	245	169	169	0	2	0.00	0.00	0.00
0	105	2	4,500.00	0.00	21	0	0	0	01	245	245	245	169	169	0	2	0.00	0.00	0.00
0	105	2	4,500.00	3,681.81	21	0	0	0	01	245	245	245	169	169	0	2	30.20	30.20	10,751.62
0	105	2	4,500.00	3,681.81	21	0	0	0	01	245	245	245	169	169	0	2	30.20	30.20	10,751.62
0	0	1	760.00	584.88	35	0	0	0	01	023	023	023	169	169	0	99	17.70	17.70	4,309.56
0	0	1	760.00	584.88	35	0	0	0	01	023	023	023	169	169	0	99	17.70	17.70	4,309.56
0	0	2	760.00	584.88	35	0	0	0	01	023	023	023	169	169	0	2	5.00	5.00	4,309.56
0	0	2	760.00	584.88	35	0	0	0	01	023	023	023	169	169	0	2	5.00	5.00	4,309.56
0	0	1	460.00	57.50	23	0	0	0	01	249	249	249	169	169	0	99	1.50	1.50	177.50
0	0	1	460.00	57.50	23	0	0	0	01	249	249	249	169	169	0	99	1.50	1.50	177.50
0	0	1	4,500.00	2,454.55	21	0	0	0	01	245	245	245	169	169	0	99	6.00	6.00	1,955.00
0	0	1	4,500.00	2,454.55	21	0	0	0	01	245	245	245	169	169	0	99	6.00	6.00	1,955.00
0	329	1	19,485.00	3,542.73	234	0	0	0	04	215	215	215	169	169	0	99	2.00	2.00	75.00
0	329	1	19,485.00	3,542.73	234	0	0	0	04	215	215	215	169	169	0	99	2.00	2.00	75.00
0	980	1	19,485.00	3,542.73	234	0	0	0	04	215	215	215	169	169	0	99	2.00	2.00	0.00
0	980	1	19,485.00	3,542.73	234	0	0	0	04	215	215	215	169	169	0	99	2.00	2.00	0.00
0	401	1	19,485.00	1,771.37	234	0	0	0	04	215	215	215	169	169	0	99	1.00	1.00	2,747,937.50
0	401	1	19,485.00	1,771.37	234	0	0	0	04	215	215	215	169	169	0	99	1.00	1.00	2,747,937.50
0	105	AL99	1,330.00	45,680.82	25	0	0	0	01	063	063	063	169	169	0	AL99	396.10	396.10	276,252.52
0	105	AL99	1,330.00	45,680.82	25	0	0	0	01	063	063	063	169	169	0	AL99	396.10	396.10	276,252.52
0	980	2	940.00	712.00	35	0	0	0	01	023	023	023	169	169	0	2	16.00	16.00	508.80
0	980	2	940.00	712.00	35	0	0	0	01	023	023	023	169	169	0	2	16.00	16.00	508.80
0	0	2	940.00	712.00	35	0	0	0	01	023	023	023	169	169	0	2	16.00	16.00	508.80
0	0	2	940.00	712.00	35	0	0	0	01	023	023	023	169	169	0	2	16.00	16.00	508.80
0	980	2	460.00	138.00	23	0	0	0	01	249	249	249	169	169	0	2	6.00	6.00	426.00
0	980	2	460.00	138.00	23	0	0	0	01	249	249	249	169	169	0	2	6.00	6.00	426.00
0	0	2	460.00	138.00	23	0	0	0	01	249	249	249	169	169	0	2	6.00	6.00	426.00
0	0	2	460.00	138.00	23	0	0	0	01	249	249	249	169	169	0	2	6.00	6.00	426.00
0	980	2	760.00	584.88	35	0	0	0	01	023	023	023	169	169	0	2	5.00	5.00	4,309.56
0	980	2	760.00	584.88	35	0	0	0	01	023	023	023	169	169	0	2	5.00	5.00	4,309.56
0	0	2	760.00	584.88	35	0	0	0	01	023	023	023	169	169	0	2	5.00	5.00	4,309.56
0	0	2	760.00	584.88	35	0	0	0	01	023	023	023	169	169	0	2	5.00	5.00	4,309.56
0	980	1	760.00	584.88	35	0	0	0	01	023	023	023	169	169	0	99	17.70	17.70	4,309.56
0	980	1	760.00	584.88	35	0	0	0	01	023	023	023	169	169	0	99	17.70	17.70	4,309.56
0	0	1	760.00	584.88	35	0	0	0	01	023	023	023	169	169	0	99	17.70	17.70	4,309.56
0	0	1	760.00	584.88	35	0	0	0	01	023	023	023	169	169	0	99	17.70	17.70	4,309.56
0	980	1	460.00	57.50	23	0	0	0	01	249	249	249	169	169	0	99	1.50	1.50	177.50
0	980	1	460.00	57.50	23	0	0	0	01	249	249	249	169	169	0	99	1.50	1.50	177.50
0	0	1	460.00	57.50	23	0	0	0	01	249	249	249	169	169	0	99	1.50	1.50	177.50
0	0	1	460.00	57.50	23	0	0	0	01	249	249	249	169	169	0	99	1.50	1.50	177.50
0	980	1	1,040.00	349.82	3400	0	0	0	01	249	249	249	169	169	0	99	3.70	3.70	1,907.18
0	980	1	1,040.00	349.82	3400	0	0	0	01	249	249	249	169	169	0	99	3.70	3.70	1,907.18
0	0	1	1,040.00	349.82	3400	0	0	0	01	249	249	249	169	169	0	99	3.70	3.70	1,907.18
0	0	1	1,040.00	349.82	3400	0	0	0	01	249	249	249	169	169	0	99	3.70	3.70	1,907.18
0	980	1	930.00	930.00	25	0	0	0	01	023	023	023	169	169	0	99	10.00	10.00	345.00
0	980	1	930.00	930.00	25	0	0	0	01	023	023	023	169	169	0	99	10.00	10.00	345.00
0	0	1	930.00	930.00	25	0	0	0	01	023	023	023	169	169	0	99	10.00	10.00	345.00
0	0	1	930.00	930.00	25	0	0	0	01	023	023	023	169	169	0	99	10.00	10.00	345.00
0	980	1	645.00	645.00	1	0	0	0	01	249	249	249	169	169	0	99	5.00	5.00	1.00
0	980	1	645.00	645.00	1	0	0	0	01	249	249	249	169	169	0	99	5.00	5.00	1.00
0	0	1	645.00	645.00	1	0	0	0	01	249	249	249	169	169	0	99	5.00	5.00	1.00
0	0	1	645.00	645.00	1	0	0	0	01	249	249	249	169	169	0	99	5.00	5.00	1.00
0	980	1	645.00	645.00	1	0	0	0	01	215	215	215	169	169	0	99	4.00	4.00	1.00
0	980	1	645.00	645.00	1	0	0	0	01	215	215	215	169	169	0	99	4.00	4.00	1.00
0	0	1	645.00	645.00	1	0	0	0	01	215	215	215	169	169	0	99	4.00	4.00	1.00
0	0	1	645.00	645.00	1	0	0	0	01	215	215	215	169	169	0	99	4.00	4.00	1.00
0	980	1	660.00	440.00	1	0	0	0	01	249	249	249	169	169	0	99	2.00	2.00	709.00
0	980	1	660.00	440.00	1	0	0	0	01	249	249	249	169	169	0	99	2.00	2.00	709.00
0	0	1	660.00	440.00	1	0	0	0	01	249	249	249	169	169	0	99	2.00	2.00	709.00
0	0	1	660.00	440.00	1	0	0	0	01	249	249	249	169	169	0	99	2.00	2.00	709.00
0	980	1	44,001.00	14,000.31	1	0	0	0	01	249	249	249	169	169	0	99	7.00	7.00	7,665.63
0	980	1	44,001.00	14,000.31	1	0	0	0	01	249	249	249	169	169	0	99	7.00	7.00	7,665.63
0	408	AVG015	1,330.00	0.31	25	0	0	VO	01	063	063	063	169	169	0	3201215	0.31	0.31	34.10
0	0	AVG015	1,330.00	0.10	25	0	0	VO	01	063	063	063	169	169	0	3201215	0.10	0.10	11.00
0	0	AVG015	1,330.00	0.10	25	0	0	VO	01	063	063	063	169	169	0	3201215	0.10	0.10	11.00
0	0	GN201015	1,330.00	7.08	25	0	0	VO	01	063	063	063	169	169	0	220015	2.00	2.00	10.77
0	0	GN201015	1,330.00	7.08	25	0	0	VO	01	063	063	063	169	169	0	220015	2.00	2.00	10.77
0	980	AVG015	1,330.00	0.20	25	0	0	VO	01	063	063	063	169	169	0	3201215	0.20	0.20	22.00
0	980	AVG015	1,330.00	0.20	25	0	0	VO	01	063	063	063	169	169	0	3201215	0.20	0.20	22.00
0	0	AVG015	1,330.00	0.20	25	0	0	VO	01	063	063	063	169	169	0	3201215	0.20	0.20	22.00
0	0	AVG015	1,330.00	0.20	25	0	0	VO	01	063	063	063	169	169	0	3201215	0.20	0.20	22.00
0	401	DL2015	800.00	13.33	210	0	0	VQ	01	169	169	169	169	169	0	120015	4.00	4.00	124.45
0	401	DL2015	800.00	13.33	210	0	0	VQ	01	169	169	169	169	169	0	120015	4.00	4.00	124.45
0	980	SMS2015	18,485.00	5.73	320341	0	0	BB	04	023	023	023	169	169	0	4102050	0.20	0.20	156,417.10
0	980	SMS2015	18,485.00	5.73	320341	0	0	BB	04	023	023	023	169	169	0	4102050	0.20	0.20	156,417.10
0	408	SMS2015	18,485.00	5.73	320341	0	0	BB	04	023	023	023	169	169	0	4102050	0.20	0.20	156,417.10
0	408	SMS2015	18,485.00	5.73	320341	0	0	BB	04	023	023	023	169	169	0	4102050	0.20	0.20	156,417.10
0	0	SMS2015	18,485.00	86.00	320341	0	0	BB	04	023	023	023	169	169	0	4102050	3.00	3.00	1,329,554.71
0	0	SMS2015	18,485.00	86.00	320341	0	0	BB	04	023	023	023	169	169	0	4102050	3.00	3.00	1,329,554.71
0	980	phi3024	837.00	5.39	25	0	0	VG	01	023	023	023	169	169	0	353203	21.56	21.56	13.48
0	980	phi3024	837.00	5.39	25	0	0	VG	01	023	023	023	169	169	0	353203	21.56	21.56	13.48
0	408	phi3024	837.00	5.39	25	0	0	VG	01	023	023	023	169	169	0	353203	21.56	21.56	13.48
0	408	phi3024	837.00	5.39	25	0	0	VG	01	023	023	023	169	169	0	353203	21.56	21.56	13.48
0	0	phi3024	837.00	1.36	25	0	0	VG	01	023	023	023	169	169	0	353203	5.45	5.45	3.41
0	0	phi3024	837.00	1.36	25	0	0	VG	01	023	023	023	169	169	0	353203	5.45	5.45	3.41
0	0	DL2015	1,330.00	2.33	25	0	0	VG	01	063	063	063	169	169	0	120015	1.00	1.00	10.67
0	0	DL2015	1,330.00	2.33	25	0	0	VG	01	063	063	063	169	169	0	120015	1.00	1.00	10.67
0	980	phi3024	837.00	1.00	25	0	0	VG	01	023	023	023	169	169	0	353203	4.00	4.00	2.50
0	980	phi3024	837.00	1.00	25	0	0	VG	01	023	023	023	169	169	0	353203	4.00	4.00	2.50
0	0	phi3024	837.00	1.00	25	0	0	VG	01	023	023	023	169	169	0	353203	4.00	4.00	2.50
0	0	phi3024	837.00	1.00	25	0	0	VG	01	023	023	023	169	169	0	353203	4.00	4.00	2.50
0	980	DL2015	1,330.00	28.00	25	0	0	VG	01	063	063	063	169	169	0	120015	12.00	12.00	128.00
0	980	DL2015	1,330.00	28.00	25	0	0	VG	01	063	063	063	169	169	0	120015	12.00	12.00	128.00
0	0	DL2015	1,330.00	28.00	25	0	0	VG	01	063	063	063	169	169	0	120015	12.00	12.00	128.00
0	0	DL2015	1,330.00	28.00	25	0	0	VG	01	063	063	063	169	169	0	120015	12.00	12.00	128.00
0	980	SMS2015	215.00	100.00	1	0	0	CF	01	249	249	249	169	169	0	4102050	100.00	100.00	100.00
0	980	SMS2015	215.00	100.00	1	0	0	CF	01	249	249	249	169	169	0	4102050	100.00	100.00	100.00
0	0	SMS2015	215.00	100.00	1	0	0	CF	01	249	249	249	169	169	0	4102050	100.00	100.00	100.00
0	0	SMS2015	215.00	100.00	1	0	0	CF	01	249	249	249	169	169	0	4102050	100.00	100.00	100.00
0	0	1	44,001.00	14,000.31	1	0	0	0	01	249	249	249	169	169	0	99	7.00	7.00	7,665.63
0	0	1	44,001.00	14,000.31	1	0	0	0	01	249	249	249	169	169	0	99	7.00	7.00	7,665.63
0	980	1	6,743.00	4,597.50	345	0	0	0	01	023	023	023	169	169	0	99	15.00	15.00	3,108.00
0	980	1	6,743.00	4,597.50	345	0	0	0	01	023	023	023	169	169	0	99	15.00	15.00	3,108.00
0	0	1	6,743.00	4,597.50	345	0	0	0	01	023	023	023	169	169	0	99	15.00	15.00	3,108.00
0	0	1	6,743.00	4,597.50	345	0	0	0	01	023	023	023	169	169	0	99	15.00	15.00	3,108.00
0	980	1	447.00	447.00	34	0	0	0	01	249	249	249	169	169	0	99	19.00	19.00	670.00
0	980	1	447.00	447.00	34	0	0	0	01	249	249	249	169	169	0	99	19.00	19.00	670.00
0	0	1	447.00	447.00	34	0	0	0	01	249	249	249	169	169	0	99	19.00	19.00	670.00
0	0	1	447.00	447.00	34	0	0	0	01	249	249	249	169	169	0	99	19.00	19.00	670.00
0	980	1	546.00	273.00	11	0	0	0	01	249	249	249	169	169	0	99	2.00	2.00	11,701.00
0	980	1	546.00	273.00	11	0	0	0	01	249	249	249	169	169	0	99	2.00	2.00	11,701.00
0	0	1	546.00	273.00	11	0	0	0	01	249	249	249	169	169	0	99	2.00	2.00	11,701.00
0	0	1	546.00	273.00	11	0	0	0	01	249	249	249	169	169	0	99	2.00	2.00	11,701.00
0	980	1	4,500.00	654.55	21	0	0	0	01	245	245	245	169	169	0	99	1.60	1.60	521.33
0	980	1	4,500.00	654.55	21	0	0	0	01	245	245	245	169	169	0	99	1.60	1.60	521.33
0	0	1	4,500.00	654.55	21	0	0	0	01	245	245	245	169	169	0	99	1.60	1.60	521.33
0	0	1	4,500.00	654.55	21	0	0	0	01	245	245	245	169	169	0	99	1.60	1.60	521.33
0	980	AL99	837.00	34.58	25	0	0	0	01	023	023	023	169	169	0	AL99	25.00	25.00	127.96
0	980	AL99	837.00	34.58	25	0	0	0	01	023	023	023	169	169	0	AL99	25.00	25.00	127.96
0	0	AL99	837.00	34.58	25	0	0	0	01	023	023	023	169	169	0	AL99	25.00	25.00	127.96
0	0	AL99	837.00	34.58	25	0	0	0	01	023	023	023	169	169	0	AL99	25.00	25.00	127.96
0	980	AL99	837.00	6.67	25	0	0	0	01	023	023	023	169	169	0	AL99	5.00	5.00	5.00
0	980	AL99	837.00	6.67	25	0	0	0	01	023	023	023	169	169	0	AL99	5.00	5.00	5.00
0	0	AL99	837.00	6.67	25	0	0	0	01	023	023	023	169	169	0	AL99	5.00	5.00	5.00
0	0	AL99	837.00	6.67	25	0	0	0	01	023	023	023	169	169	0	AL99	5.00	5.00	5.00
0	980	AL99	1,330.00	155.16	25	0	0	0	01	063	063	063	169	169	0	AL99	22.01	22.01	178.47
0	980	AL99	1,330.00	155.16	25	0	0	0	01	063	063	063	169	169	0	AL99	22.01	22.01	178.47
0	0	AL99	1,330.00	155.16	25	0	0	0	01	063	063	063	169	169	0	AL99	22.01	22.01	178.47
0	0	AL99	1,330.00	155.16	25	0	0	0	01	063	063	063	169	169	0	AL99	22.01	22.01	178.47
0	980	AL99	1,330.00	60.64	25	0	0	0	01	063	063	063	169	169	0	AL99	25.99	25.99	277.23
0	980	AL99	1,330.00	60.64	25	0	0	0	01	063	063	063	169	169	0	AL99	25.99	25.99	277.23
0	0	AL99	1,330.00	60.64	25	0	0	0	01	063	063	063	169	169	0	AL99	25.99	25.99	277.23
0	0	AL99	1,330.00	60.64	25	0	0	0	01	063	063	063	169	169	0	AL99	25.99	25.99	277.23
0	105	AL99	837.00	2.75	25	0	0	0	01	023	023	023	169	169	0	AL99	11.00	11.00	6.88
0	105	AL99	837.00	2.75	25	0	0	0	01	023	023	023	169	169	0	AL99	11.00	11.00	6.88
0	105	1	33,000.00	33,000.00	23	0	0	0	04	215	215	215	169	169	0	99	19.00	19.00	4,560.00
0	105	1	33,000.00	33,000.00	23	0	0	0	04	215	215	215	169	169	0	99	19.00	19.00	4,560.00
0	401	1	890.00	5.24	23	0	0	0	01	169	169	169	169	169	0	99	2.00	2.00	33,352.94
0	401	1	890.00	5.24	23	0	0	0	01	169	169	169	169	169	0	99	2.00	2.00	33,352.94
0	401	1	890.00	7.85	23	0	0	0	01	169	169	169	169	169	0	99	3.00	3.00	50,029.41
0	401	1	890.00	7.85	23	0	0	0	01	169	169	169	169	169	0	99	3.00	3.00	50,029.41
0	401	1	460.00	11.50	23	0	0	0	01	249	249	249	169	169	0	99	0.30	0.30	187,333.00
0	401	1	460.00	11.50	23	0	0	0	01	249	249	249	169	169	0	99	0.30	0.30	187,333.00
0	401	1	460.00	3.83	23	0	0	0	01	249	249	249	169	169	0	99	0.10	0.10	62,444.33
0	401	1	460.00	3.83	23	0	0	0	01	249	249	249	169	169	0	99	0.10	0.10	62,444.33
0	401	1	940.00	18.80	35	0	0	0	01	023	023	023	169	169	0	99	0.20	0.20	208,687.50
0	401	1	940.00	18.80	35	0	0	0	01	023	023	023	169	169	0	99	0.20	0.20	208,687.50
0	401	1	890.00	34.03	23	0	0	0	01	169	169	169	169	169	0	99	13.00	13.00	216,794.12
0	401	1	890.00	34.03	23	0	0	0	01	169	169	169	169	169	0	99	13.00	13.00	216,794.12
0	105	1	867.00	867.00	130	0	0	0	01	215	215	215	169	169	0	99	12.00	12.00	450.00
0	105	1	867.00	867.00	130	0	0	0	01	215	215	215	169	169	0	99	12.00	12.00	450.00
0	105	1	553.00	553.00	34	0	0	0	04	215	215	215	169	169	0	99	3.00	3.00	434,000.00
0	105	1	553.00	553.00	34	0	0	0	04	215	215	215	169	169	0	99	3.00	3.00	434,000.00
0	980	1	553.00	184.33	34	0	0	0	04	215	215	215	169	169	0	99	1.00	1.00	0.00
0	980	1	553.00	184.33	34	0	0	0	04	215	215	215	169	169	0	99	1.00	1.00	0.00
0	329	1	553.00	184.33	34	0	0	0	04	215	215	215	169	169	0	99	1.00	1.00	25.00
0	329	1	553.00	184.33	34	0	0	0	04	215	215	215	169	169	0	99	1.00	1.00	25.00
0	401	1	553.00	92.17	34	0	0	0	04	215	215	215	169	169	0	99	0.50	0.50	279,812.50
0	401	1	553.00	92.17	34	0	0	0	04	215	215	215	169	169	0	99	0.50	0.50	279,812.50
0	401	1	553.00	92.17	34	0	0	0	04	215	215	215	169	169	0	99	0.50	0.50	279,812.50
0	401	1	553.00	92.17	34	0	0	0	04	215	215	215	169	169	0	99	0.50	0.50	279,812.50
0	401	1	553.00	92.17	34	0	0	0	04	215	215	215	169	169	0	99	0.50	0.50	279,812.50
0	401	1	553.00	92.17	34	0	0	0	04	215	215	215	169	169	0	99	0.50	0.50	279,812.50
0	401	1	553.00	92.17	34	0	0	0	04	215	215	215	169	169	0	99	0.50	0.50	279,812.50
0	401	1	553.00	92.17	34	0	0	0	04	215	215	215	169	169	0	99	0.50	0.50	279,812.50
0	329	1	250.00	3.33	1300	0	0	0	01	169	169	169	850	850	0	99	2.00	2.00	30.00
0	329	1	250.00	3.33	1300	0	0	0	01	169	169	169	850	850	0	99	2.00	2.00	30.00
0	980	1	250.00	3.33	1300	0	0	0	01	169	169	169	850	850	0	99	2.00	2.00	0.00
0	980	1	250.00	3.33	1300	0	0	0	01	169	169	169	850	850	0	99	2.00	2.00	0.00
0	329	1	250.00	6.67	1300	0	0	0	01	169	169	169	850	850	0	99	4.00	4.00	40.00
0	329	1	250.00	6.67	1300	0	0	0	01	169	169	169	850	850	0	99	4.00	4.00	40.00
0	980	1	250.00	6.67	1300	0	0	0	01	169	169	169	850	850	0	99	4.00	4.00	0.00
0	980	1	250.00	6.67	1300	0	0	0	01	169	169	169	850	850	0	99	4.00	4.00	0.00
0	401	2	89.00	80.00	34324	0	0	0	01	244	244	244	244	244	0	2	25.00	25.00	1,172,437.50
0	401	2	89.00	80.00	34324	0	0	0	01	244	244	244	244	244	0	2	25.00	25.00	1,172,437.50
0	401	1	970.00	140.21	45	0	0	0	04	399	399	399	169	169	0	99	1.59	1.59	2,468,304.94
0	401	1	970.00	140.21	45	0	0	0	04	399	399	399	169	169	0	99	1.59	1.59	2,468,304.94
0	105	2	19,480.00	0.00	25	0	0	0	04	215	215	215	169	169	0	2	0.00	0.00	0.00
0	105	2	19,480.00	0.00	25	0	0	0	04	215	215	215	169	169	0	2	0.00	0.00	0.00
0	105	2	553.00	0.00	34	0	0	0	04	215	215	215	169	169	0	2	0.00	0.00	0.00
0	105	2	553.00	0.00	34	0	0	0	04	215	215	215	169	169	0	2	0.00	0.00	0.00
0	105	2	553.00	368.67	34	0	0	0	04	215	215	215	169	169	0	2	50.00	50.00	433,840.00
0	105	2	553.00	368.67	34	0	0	0	04	215	215	215	169	169	0	2	50.00	50.00	433,840.00
0	0	1	553.00	368.67	34	0	0	0	04	215	215	215	169	169	0	99	50.00	50.00	433,840.00
0	0	1	553.00	368.67	34	0	0	0	04	215	215	215	169	169	0	99	50.00	50.00	433,840.00
0	980	1	553.00	368.67	34	0	0	0	04	215	215	215	169	169	0	99	2.00	2.00	433,840.00
0	980	1	553.00	368.67	34	0	0	0	04	215	215	215	169	169	0	99	2.00	2.00	433,840.00
0	105	2	867.00	0.00	130	0	0	0	01	215	215	215	169	169	0	2	0.00	0.00	0.00
0	105	2	867.00	0.00	130	0	0	0	01	215	215	215	169	169	0	2	0.00	0.00	0.00
0	105	2	867.00	867.00	130	0	0	0	01	215	215	215	169	169	0	2	50.00	50.00	450.00
0	105	2	867.00	867.00	130	0	0	0	01	215	215	215	169	169	0	2	50.00	50.00	450.00
0	0	1	867.00	867.00	130	0	0	0	01	215	215	215	169	169	0	99	50.00	50.00	450.00
0	0	1	867.00	867.00	130	0	0	0	01	215	215	215	169	169	0	99	50.00	50.00	450.00
0	980	1	867.00	867.00	130	0	0	0	01	215	215	215	169	169	0	99	12.00	12.00	450.00
0	980	1	867.00	867.00	130	0	0	0	01	215	215	215	169	169	0	99	12.00	12.00	450.00
0	105	1	8,550.00	8,550.00	340	0	0	0	04	023	023	023	169	169	0	99	51.00	51.00	1.00
0	105	1	8,550.00	8,550.00	340	0	0	0	04	023	023	023	169	169	0	99	51.00	51.00	1.00
0	105	2	760.00	0.00	45	0	0	0	01	023	023	023	169	169	0	2	0.00	0.00	0.00
0	105	2	760.00	0.00	45	0	0	0	01	023	023	023	169	169	0	2	0.00	0.00	0.00
0	105	2	760.00	1,430.00	45	0	0	0	01	023	023	023	169	169	0	2	20.00	20.00	1,340.00
0	105	2	760.00	1,430.00	45	0	0	0	01	023	023	023	169	169	0	2	20.00	20.00	1,340.00
0	0	1	760.00	760.00	45	0	0	0	01	023	023	023	169	169	0	99	17.00	17.00	650.00
0	0	1	760.00	760.00	45	0	0	0	01	023	023	023	169	169	0	99	17.00	17.00	650.00
0	980	1	760.00	760.00	45	0	0	0	01	023	023	023	169	169	0	99	17.00	17.00	650.00
0	980	1	760.00	760.00	45	0	0	0	01	023	023	023	169	169	0	99	17.00	17.00	650.00
0	0	1	670.00	670.00	35	0	0	0	01	245	245	245	169	169	0	99	15.00	15.00	690.00
0	0	1	670.00	670.00	35	0	0	0	01	245	245	245	169	169	0	99	15.00	15.00	690.00
0	980	1	670.00	670.00	35	0	0	0	01	245	245	245	169	169	0	99	15.00	15.00	690.00
0	980	1	670.00	670.00	35	0	0	0	01	245	245	245	169	169	0	99	15.00	15.00	690.00
0	105	2	19,480.00	16,891.33	25	0	0	0	04	215	215	215	169	169	0	2	8.00	8.00	9,644.00
0	105	2	19,480.00	16,891.33	25	0	0	0	04	215	215	215	169	169	0	2	8.00	8.00	9,644.00
0	0	1	940.00	658.00	45	0	0	0	04	215	215	215	169	169	0	99	3.50	3.50	5,500.00
0	0	1	940.00	658.00	45	0	0	0	04	215	215	215	169	169	0	99	3.50	3.50	5,500.00
0	980	1	940.00	658.00	45	0	0	0	04	215	215	215	169	169	0	99	3.50	3.50	5,500.00
0	980	1	940.00	658.00	45	0	0	0	04	215	215	215	169	169	0	99	3.50	3.50	5,500.00
0	0	1	19,480.00	16,233.33	25	0	0	0	04	215	215	215	169	169	0	99	7.50	7.50	4,144.00
0	0	1	19,480.00	16,233.33	25	0	0	0	04	215	215	215	169	169	0	99	7.50	7.50	4,144.00
0	980	1	19,480.00	16,233.33	25	0	0	0	04	215	215	215	169	169	0	99	7.50	7.50	4,144.00
0	980	1	19,480.00	16,233.33	25	0	0	0	04	215	215	215	169	169	0	99	7.50	7.50	4,144.00
0	105	1	16,500.00	16,500.00	1	0	0	0	01	149	149	149	169	169	0	99	30.00	30.00	50,000.00
0	980	AVG015	1,330.00	0.10	25	0	0	VO	01	063	063	063	169	169	0	3201215	0.10	0.10	11.00
0	980	AVG015	1,330.00	0.10	25	0	0	VO	01	063	063	063	169	169	0	3201215	0.10	0.10	11.00
0	0	AVG015	1,330.00	0.10	25	0	0	VO	01	063	063	063	169	169	0	3201215	0.10	0.10	11.00
0	0	AVG015	1,330.00	0.10	25	0	0	VO	01	063	063	063	169	169	0	3201215	0.10	0.10	11.00
0	329	SMS2015	1,400.00	1.16	1	0	0	VQ	04	399	399	399	169	169	0	4102050	9.00	9.00	3.45
0	329	SMS2015	1,400.00	1.16	1	0	0	VQ	04	399	399	399	169	169	0	4102050	9.00	9.00	3.45
0	980	SMS2015	1,400.00	1.16	1	0	0	VQ	04	399	399	399	169	169	0	4102050	9.00	9.00	0.00
0	980	SMS2015	1,400.00	1.16	1	0	0	VQ	04	399	399	399	169	169	0	4102050	9.00	9.00	0.00
0	980	1	1,400.00	873.00	1	0	0	TO	04	399	399	399	169	169	0	99	10.00	10.00	4,800.00
0	980	1	1,400.00	873.00	1	0	0	TO	04	399	399	399	169	169	0	99	10.00	10.00	4,800.00
0	0	1	1,400.00	873.00	1	0	0	TO	04	399	399	399	169	169	0	99	10.00	10.00	4,800.00
0	0	1	1,400.00	873.00	1	0	0	TO	04	399	399	399	169	169	0	99	10.00	10.00	4,800.00
0	980	DL2015	1,330.00	65.33	25	0	0	VG	01	063	063	063	169	169	0	120015	28.00	28.00	298.67
0	980	DL2015	1,330.00	65.33	25	0	0	VG	01	063	063	063	169	169	0	120015	28.00	28.00	298.67
0	0	DL2015	1,330.00	65.33	25	0	0	VG	01	063	063	063	169	169	0	120015	28.00	28.00	298.67
0	0	DL2015	1,330.00	65.33	25	0	0	VG	01	063	063	063	169	169	0	120015	28.00	28.00	298.67
0	980	DL2015	215.00	15.00	1	0	0	VG	01	249	249	249	169	169	0	120015	15.00	15.00	15.00
0	980	DL2015	215.00	15.00	1	0	0	VG	01	249	249	249	169	169	0	120015	15.00	15.00	15.00
0	0	DL2015	215.00	15.00	1	0	0	VG	01	249	249	249	169	169	0	120015	15.00	15.00	15.00
0	0	DL2015	215.00	15.00	1	0	0	VG	01	249	249	249	169	169	0	120015	15.00	15.00	15.00
0	980	phi3024	837.00	2.75	25	0	0	VG	01	023	023	023	169	169	0	353203	11.00	11.00	6.88
0	980	phi3024	837.00	2.75	25	0	0	VG	01	023	023	023	169	169	0	353203	11.00	11.00	6.88
0	0	phi3024	837.00	2.75	25	0	0	VG	01	023	023	023	169	169	0	353203	11.00	11.00	6.88
0	0	phi3024	837.00	2.75	25	0	0	VG	01	023	023	023	169	169	0	353203	11.00	11.00	6.88
0	105	wy0315	756.00	756.00	234	0	0	NE	01	023	023	023	169	169	0	313201	9.00	9.00	5,600.00
0	105	wy0315	756.00	756.00	234	0	0	NE	01	023	023	023	169	169	0	313201	9.00	9.00	5,600.00
0	105	1	16,500.00	16,500.00	1	0	0	0	01	149	149	149	169	169	0	99	30.00	30.00	50,000.00
